Min Mean Max  ind_1[i, k]
-1.976240 -1.486749 12.112734 
 Index  ind_1[i, k]
  1.00  -1.74238000
  2.00  -1.39026000
  3.00  -1.75983000
  4.00  -1.90294000
  5.00  -1.58742000
  6.00  -1.09041000
  7.00  -1.12898000
  8.00  -1.10526000
  9.00  -1.17273000
 10.00  -1.12643000
 11.00  -1.77830000
 12.00  -1.03941000
 13.00  -1.24156000
 14.00  -1.87907000
 15.00  -1.97352000
 16.00  -1.60542000
 17.00  -1.97624000
 18.00  -1.04345000
 19.00  -1.94857000
 20.00  -1.31130000
 21.00  -1.74238000
 22.00  -1.39026000
 23.00  -1.75983000
 24.00  -1.90294000
 25.00  -1.58742000
 26.00  -1.09041000
 27.00  -1.12898000
 28.00  -1.10526000
 29.00  -1.17273000
 30.00  -1.12643000
 31.00  -1.77830000
 32.00  -1.03941000
 33.00  -1.24156000
 34.00  -1.87907000
 35.00  -1.97352000
 36.00  -1.60542000
 37.00  -1.97624000
 38.00  -1.04345000
 39.00  -1.94857000
 40.00  -1.31130000
 41.00  -1.74238000
 42.00  -1.39026000
 43.00  -1.75983000
 44.00  -1.90294000
 45.00  -1.58742000
 46.00  -1.09041000
 47.00  -1.12898000
 48.00  -1.10526000
 49.00  -1.17273000
 50.00  -1.12643000
 51.00  -1.77830000
 52.00  -1.03941000
 53.00  -1.24156000
 54.00  -1.87907000
 55.00  -1.97352000
 56.00  -1.60542000
 57.00  -1.97624000
 58.00  -1.04345000
 59.00  -1.94857000
 60.00  -1.31130000
 61.00  -1.74238000
 62.00  -1.39026000
 63.00  -1.75983000
 64.00  -1.90294000
 65.00  -1.58742000
 66.00  -1.09041000
 67.00  -1.12898000
 68.00  -1.10526000
 69.00  -1.17273000
 70.00  -1.12643000
 71.00  -1.77830000
 72.00  -1.03941000
 73.00  -1.24156000
 74.00  -1.87907000
 75.00  -1.97352000
 76.00  -1.60542000
 77.00  -1.97624000
 78.00  -1.04345000
 79.00  -1.94857000
 80.00  -1.31130000
 81.00  -1.74238000
 82.00  -1.39026000
 83.00  -1.75983000
 84.00  -1.90294000
 85.00  -1.58742000
 86.00  -1.09041000
 87.00  -1.12898000
 88.00  -1.10526000
 89.00  -1.17273000
 90.00  -1.12643000
 91.00  -1.77830000
 92.00  -1.03941000
 93.00  -1.24156000
 94.00  -1.87907000
 95.00  -1.97352000
 96.00  -1.60542000
 97.00  -1.97624000
 98.00  -1.04345000
 99.00  -1.94857000
100.00  -1.31130000
101.00  -1.74238000
102.00  -1.39026000
103.00  -1.75983000
104.00  -1.90294000
105.00  -1.58742000
106.00  -1.09041000
107.00  -1.12898000
108.00  -1.10526000
109.00  -1.17273000
110.00  -1.12643000
111.00  -1.77830000
112.00  -1.03941000
113.00  -1.24156000
114.00  -1.87907000
115.00  -1.97352000
116.00  -1.60542000
117.00  -1.97624000
118.00  -1.04345000
119.00  -1.94857000
120.00  -1.31130000
121.00  -1.74238000
122.00  -1.39026000
123.00  -1.75983000
124.00  -1.90294000
125.00  -1.58742000
126.00  -1.09041000
127.00  -1.12898000
128.00  -1.10526000
129.00  -1.17273000
130.00  -1.12643000
131.00  -1.77830000
132.00  -1.03941000
133.00  -1.24156000
134.00  -1.87907000
135.00  -1.97352000
136.00  -1.60542000
137.00  -1.97624000
138.00  -1.04345000
139.00  -1.94857000
140.00  -1.31130000
141.00  -1.74238000
142.00  -1.39026000
143.00  -1.75983000
144.00  -1.90294000
145.00  -1.58742000
146.00  -1.09041000
147.00  -1.12898000
148.00  -1.10526000
149.00  -1.17273000
150.00  -1.12643000
151.00  -1.77830000
152.00  -1.03941000
153.00  -1.24156000
154.00  -1.87907000
155.00  -1.97352000
156.00  -1.60542000
157.00  -1.97624000
158.00  -1.04345000
159.00  -1.94857000
160.00  -1.31130000
161.00  -1.74238000
162.00  -1.39026000
163.00  -1.75983000
164.00  -1.90294000
165.00  -1.58742000
166.00  -1.09041000
167.00  -1.12898000
168.00  -1.10526000
169.00  -1.17273000
170.00  -1.12643000
171.00  -1.77830000
172.00  -1.03941000
173.00  -1.24156000
174.00  -1.87907000
175.00  -1.97352000
176.00  -1.60542000
177.00  -1.97624000
178.00  -1.04345000
179.00  -1.94857000
180.00  -1.31130000
181.00  -1.74238000
182.00  -1.39026000
183.00  -1.75983000
184.00  -1.90294000
185.00  -1.58742000
186.00  -1.09041000
187.00  -1.12898000
188.00  -1.10526000
189.00  -1.17273000
190.00  -1.12643000
191.00  -1.77830000
192.00  -1.03941000
193.00  -1.24156000
194.00  -1.87907000
195.00  -1.97352000
196.00  -1.60542000
197.00  -1.97624000
198.00  -1.04345000
199.00  -1.94857000
200.00  -1.31130000
201.00  -1.74238000
202.00  -1.39026000
203.00  -1.75983000
204.00  -1.90294000
205.00  -1.58742000
206.00  -1.09041000
207.00  -1.12898000
208.00  -1.10526000
209.00  -1.17273000
210.00  -1.12643000
211.00  -1.77830000
212.00  -1.03941000
213.00  -1.24156000
214.00  -1.87907000
215.00  -1.97352000
216.00  -1.60542000
217.00  -1.97624000
218.00  -1.04345000
219.00  -1.94857000
220.00  -1.31130000
221.00  -1.74238000
222.00  -1.39026000
223.00  -1.75983000
224.00  -1.90294000
225.00  -1.58742000
226.00  -1.09041000
227.00  -1.12898000
228.00  -1.10526000
229.00  -1.17273000
230.00  -1.12643000
231.00  -1.77830000
232.00  -1.03941000
233.00  -1.24156000
234.00  -1.87907000
235.00  -1.97352000
236.00  -1.60542000
237.00  -1.97624000
238.00  -1.04345000
239.00  -1.94857000
240.00  -1.31130000
241.00  -1.74238000
242.00  -1.39026000
243.00  -1.75983000
244.00  -1.90294000
245.00  -1.58742000
246.00  -1.09041000
247.00  -1.12898000
248.00  -1.10526000
249.00  -1.17273000
250.00  -1.12643000
251.00  -1.77830000
252.00  -1.03941000
253.00  -1.24156000
254.00  -1.87907000
255.00  -1.97352000
256.00  -1.60542000
257.00  -1.97624000
258.00  -1.04345000
259.00  -1.94857000
260.00  -1.31130000
261.00  -1.74238000
262.00  -1.39026000
263.00  -1.75983000
264.00  -1.90294000
265.00  -1.58742000
266.00  -1.09041000
267.00  -1.12898000
268.00  -1.10526000
269.00  -1.17273000
270.00  -1.12643000
271.00  -1.77830000
272.00  -1.03941000
273.00  -1.24156000
274.00  -1.87907000
275.00  -1.97352000
276.00  -1.60542000
277.00  -1.97624000
278.00  -1.04345000
279.00  -1.94857000
280.00  -1.31130000
281.00  -1.74238000
282.00  -1.39026000
283.00  -1.75983000
284.00  -1.90294000
285.00  -1.58742000
286.00  -1.09041000
287.00  -1.12898000
288.00  -1.10526000
289.00  -1.17273000
290.00  -1.12643000
291.00  -1.77830000
292.00  -1.03941000
293.00  -1.24156000
294.00  -1.87907000
295.00  -1.97352000
296.00  -1.60542000
297.00  -1.97624000
298.00  -1.04345000
299.00  -1.94857000
300.00  -1.31130000
301.00  -1.74238000
302.00  -1.39026000
303.00  -1.75983000
304.00  -1.90294000
305.00  -1.58742000
306.00  -1.09041000
307.00  -1.12898000
308.00  -1.10526000
309.00  -1.17273000
310.00  -1.12643000
311.00  -1.77830000
312.00  -1.03941000
313.00  -1.24156000
314.00  -1.87907000
315.00  -1.97352000
316.00  -1.60542000
317.00  -1.97624000
318.00  -1.04345000
319.00  -1.94857000
320.00  -1.31130000
321.00  -1.74238000
322.00  -1.39026000
323.00  -1.75983000
324.00  -1.90294000
325.00  -1.58742000
326.00  -1.09041000
327.00  -1.12898000
328.00  -1.10526000
329.00  -1.17273000
330.00  -1.12643000
331.00  -1.77830000
332.00  -1.03941000
333.00  -1.24156000
334.00  -1.87907000
335.00  -1.97352000
336.00  -1.60542000
337.00  -1.97624000
338.00  -1.04345000
339.00  -1.94857000
340.00  -1.31130000
341.00  -1.74238000
342.00  -1.39026000
343.00  -1.75983000
344.00  -1.90294000
345.00  -1.58742000
346.00  -1.09041000
347.00  -1.12898000
348.00  -1.10526000
349.00  -1.17273000
350.00  -1.12643000
351.00  -1.77830000
352.00  -1.03941000
353.00  -1.24156000
354.00  -1.87907000
355.00  -1.97352000
356.00  -1.60542000
357.00  -1.97624000
358.00  -1.04345000
359.00  -1.94857000
360.00  -1.31130000
361.00  -1.74238000
362.00  -1.39026000
363.00  -1.75983000
364.00  -1.90294000
365.00  -1.58742000
366.00  -1.09041000
367.00  -1.12898000
368.00  -1.10526000
369.00  -1.17273000
370.00  -1.12643000
371.00  -1.77830000
372.00  -1.03941000
373.00  -1.24156000
374.00  -1.87907000
375.00  -1.97352000
376.00  -1.60542000
377.00  -1.97624000
378.00  -1.04345000
379.00  -1.94857000
380.00  -1.31130000
381.00  -1.74238000
382.00  -1.39026000
383.00  -1.75983000
384.00  -1.90294000
385.00  -1.58742000
386.00  -1.09041000
387.00  -1.12898000
388.00  -1.10526000
389.00  -1.17273000
390.00  -1.12643000
391.00  -1.77830000
392.00  -1.03941000
393.00  -1.24156000
394.00  -1.87907000
395.00  -1.97352000
396.00  -1.60542000
397.00  -1.97624000
398.00  -1.04345000
399.00  -1.94857000
400.00  -1.31130000
401.00  -1.74238000
402.00  -1.39026000
403.00  -1.75983000
404.00  -1.90294000
405.00  -1.58742000
406.00  -1.09041000
407.00  -1.12898000
408.00  -1.10526000
409.00  -1.17273000
410.00  -1.12643000
411.00  -1.77830000
412.00  -1.03941000
413.00  -1.24156000
414.00  -1.87907000
415.00  -1.97352000
416.00  -1.60542000
417.00  -1.97624000
418.00  -1.04345000
419.00  -1.94857000
420.00  -1.31130000
421.00  -1.74238000
422.00  -1.39026000
423.00  -1.75983000
424.00  -1.90294000
425.00  -1.58742000
426.00  -1.09041000
427.00  -1.12898000
428.00  -1.10526000
429.00  -1.17273000
430.00  -1.12643000
431.00  -1.77830000
432.00  -1.03941000
433.00  -1.24156000
434.00  -1.87907000
435.00  -1.97352000
436.00  -1.60542000
437.00  -1.97624000
438.00  -1.04345000
439.00  -1.94857000
440.00  -1.31130000
441.00  -1.74238000
442.00  -1.39026000
443.00  -1.75983000
444.00  -1.90294000
445.00  -1.58742000
446.00  -1.09041000
447.00  -1.12898000
448.00  -1.10526000
449.00  -1.17273000
450.00  -1.12643000
451.00  -1.77830000
452.00  -1.03941000
453.00  -1.24156000
454.00  -1.87907000
455.00  -1.97352000
456.00  -1.60542000
457.00  -1.97624000
458.00  -1.04345000
459.00  -1.94857000
460.00  -1.31130000
461.00  -1.74238000
462.00  -1.39026000
463.00  -1.75983000
464.00  -1.90294000
465.00  -1.58742000
466.00  -1.09041000
467.00  -1.12898000
468.00  -1.10526000
469.00  -1.17273000
470.00  -1.12643000
471.00  -1.77830000
472.00  -1.03941000
473.00  -1.24156000
474.00  -1.87907000
475.00  -1.97352000
476.00  -1.60542000
477.00  -1.97624000
478.00  -1.04345000
479.00  -1.94857000
480.00  -1.31130000
481.00  -1.74238000
482.00  -1.39026000
483.00  -1.75983000
484.00  -1.90294000
485.00  -1.58742000
486.00  -1.09041000
487.00  -1.12898000
488.00  -1.10526000
489.00  -1.17273000
490.00  -1.12643000
491.00  -1.77830000
492.00  -1.03941000
493.00  -1.24156000
494.00  -1.87907000
495.00  -1.97352000
496.00  -1.60542000
497.00  -1.97624000
498.00  -1.04345000
499.00  -1.94857000
500.00  -1.31130000
501.00  -1.74238000
502.00  -1.39026000
503.00  -1.75983000
504.00  -1.90294000
505.00  -1.58742000
506.00  -1.09041000
507.00  -1.12898000
508.00  -1.10526000
509.00  -1.17273000
510.00  -1.12643000
511.00  -1.77830000
512.00  -1.03941000
513.00  -1.24156000
514.00  -1.87907000
515.00  -1.97352000
516.00  -1.60542000
517.00  -1.97624000
518.00  -1.04345000
519.00  -1.94857000
520.00  -1.31130000
521.00  -1.74238000
522.00  -1.39026000
523.00  -1.75983000
524.00  -1.90294000
525.00  -1.58742000
526.00  -1.09041000
527.00  -1.12898000
528.00  -1.10526000
529.00  -1.17273000
530.00  -1.12643000
531.00  -1.77830000
532.00  -1.03941000
533.00  -1.24156000
534.00  -1.87907000
535.00  -1.97352000
536.00  -1.60542000
537.00  -1.97624000
538.00  -1.04345000
539.00  -1.94857000
540.00  -1.31130000
541.00  -1.74238000
542.00  -1.39026000
543.00  -1.75983000
544.00  -1.90294000
545.00  -1.58742000
546.00  -1.09041000
547.00  -1.12898000
548.00  -1.10526000
549.00  -1.17273000
550.00  -1.12643000
551.00  -1.77830000
552.00  -1.03941000
553.00  -1.24156000
554.00  -1.87907000
555.00  -1.97352000
556.00  -1.60542000
557.00  -1.97624000
558.00  -1.04345000
559.00  -1.94857000
560.00  -1.31130000
561.00  -1.74238000
562.00  -1.39026000
563.00  -1.75983000
564.00  -1.90294000
565.00  -1.58742000
566.00  -1.09041000
567.00  -1.12898000
568.00  -1.10526000
569.00  -1.17273000
570.00  -1.12643000
571.00  -1.77830000
572.00  -1.03941000
573.00  -1.24156000
574.00  -1.87907000
575.00  -1.97352000
576.00  -1.60542000
577.00  -1.97624000
578.00  -1.04345000
579.00  -1.94857000
580.00  -1.31130000
581.00  -1.74238000
582.00  -1.39026000
583.00  -1.75983000
584.00  -1.90294000
585.00  -1.58742000
586.00  -1.09041000
587.00  -1.12898000
588.00  -1.10526000
589.00  -1.17273000
590.00  -1.12643000
591.00  -1.77830000
592.00  -1.03941000
593.00  -1.24156000
594.00  -1.87907000
595.00  -1.97352000
596.00  -1.60542000
597.00  -1.97624000
598.00  -1.04345000
599.00  -1.94857000
600.00  -1.31130000
601.00  -1.74238000
602.00  -1.39026000
603.00  -1.75983000
604.00  -1.90294000
605.00  -1.58742000
606.00  -1.09041000
607.00  -1.12898000
608.00  -1.10526000
609.00  -1.17273000
610.00  -1.12643000
611.00  -1.77830000
612.00  -1.03941000
613.00  -1.24156000
614.00  -1.87907000
615.00  -1.97352000
616.00  -1.60542000
617.00  -1.97624000
618.00  -1.04345000
619.00  -1.94857000
620.00  -1.31130000
621.00  -1.74238000
622.00  -1.39026000
623.00  -1.75983000
624.00  -1.90294000
625.00  -1.58742000
626.00  -1.09041000
627.00  -1.12898000
628.00  -1.10526000
629.00  -1.17273000
630.00  -1.12643000
631.00  -1.77830000
632.00  -1.03941000
633.00  -1.24156000
634.00  -1.87907000
635.00  -1.97352000
636.00  -1.60542000
637.00  -1.97624000
638.00  -1.04345000
639.00  -1.94857000
640.00  -1.31130000
641.00  -1.74238000
642.00  -1.39026000
643.00  -1.75983000
644.00  -1.90294000
645.00  -1.58742000
646.00  -1.09041000
647.00  -1.12898000
648.00  -1.10526000
649.00  -1.17273000
650.00  -1.12643000
651.00  -1.77830000
652.00  -1.03941000
653.00  -1.24156000
654.00  -1.87907000
655.00  -1.97352000
656.00  -1.60542000
657.00  -1.97624000
658.00  -1.04345000
659.00  -1.94857000
660.00  -1.31130000
661.00  -1.74238000
662.00  -1.39026000
663.00  -1.75983000
664.00  -1.90294000
665.00  -1.58742000
666.00  -1.09041000
667.00  -1.12898000
668.00  -1.10526000
669.00  -1.17273000
670.00  -1.12643000
671.00  -1.77830000
672.00  -1.03941000
673.00  -1.24156000
674.00  -1.87907000
675.00  -1.97352000
676.00  -1.60542000
677.00  -1.97624000
678.00  -1.04345000
679.00  -1.94857000
680.00  -1.31130000
681.00  -1.74238000
682.00  -1.39026000
683.00  -1.75983000
684.00  -1.90294000
685.00  -1.58742000
686.00  -1.09041000
687.00  -1.12898000
688.00  -1.10526000
689.00  -1.17273000
690.00  -1.12643000
691.00  -1.77830000
692.00  -1.03941000
693.00  -1.24156000
694.00  -1.87907000
695.00  -1.97352000
696.00  -1.60542000
697.00  -1.97624000
698.00  -1.04345000
699.00  -1.94857000
700.00  -1.31130000
701.00  -1.74238000
702.00  -1.39026000
703.00  -1.75983000
704.00  -1.90294000
705.00  -1.58742000
706.00  -1.09041000
707.00  -1.12898000
708.00  -1.10526000
709.00  -1.17273000
710.00  -1.12643000
711.00  -1.77830000
712.00  -1.03941000
713.00  -1.24156000
714.00  -1.87907000
715.00  -1.97352000
716.00  -1.60542000
717.00  -1.97624000
718.00  -1.04345000
719.00  -1.94857000
720.00  -1.31130000
721.00  -1.74238000
722.00  -1.39026000
723.00  -1.75983000
724.00  -1.90294000
725.00  -1.58742000
726.00  -1.09041000
727.00  -1.12898000
728.00  -1.10526000
729.00  -1.17273000
730.00  -1.12643000
731.00  -1.77830000
732.00  -1.03941000
733.00  -1.24156000
734.00  -1.87907000
735.00  -1.97352000
736.00  -1.60542000
737.00  -1.97624000
738.00  -1.04345000
739.00  -1.94857000
740.00  -1.31130000
741.00  -1.74238000
742.00  -1.39026000
743.00  -1.75983000
744.00  -1.90294000
745.00  -1.58742000
746.00  -1.09041000
747.00  -1.12898000
748.00  -1.10526000
749.00  -1.17273000
750.00  -1.12643000
751.00  -1.77830000
752.00  -1.03941000
753.00  -1.24156000
754.00  -1.87907000
755.00  -1.97352000
756.00  -1.60542000
757.00  -1.97624000
758.00  -1.04345000
759.00  -1.94857000
760.00  -1.31130000
761.00  -1.74238000
762.00  -1.39026000
763.00  -1.75983000
764.00  -1.90294000
765.00  -1.58742000
766.00  -1.09041000
767.00  -1.12898000
768.00  -1.10526000
769.00  -1.17273000
770.00  -1.12643000
771.00  -1.77830000
772.00  -1.03941000
773.00  -1.24156000
774.00  -1.87907000
775.00  -1.97352000
776.00  -1.60542000
777.00  -1.97624000
778.00  -1.04345000
779.00  -1.94857000
780.00  -1.31130000
781.00  -1.74238000
782.00  -1.39026000
783.00  -1.75983000
784.00  -1.90294000
785.00  -1.58742000
786.00  -1.09041000
787.00  -1.12898000
788.00  -1.10526000
789.00  -1.17273000
790.00  -1.12643000
791.00  -1.77830000
792.00  -1.03941000
793.00  -1.24156000
794.00  -1.87907000
795.00  -1.97352000
796.00  -1.60542000
797.00  -1.97624000
798.00  -1.04345000
799.00  -1.94857000
800.00  -1.31130000
801.00  -1.74238000
802.00  -1.39026000
803.00  -1.75983000
804.00  -1.90294000
805.00  -1.58742000
806.00  -1.09041000
807.00  -1.12898000
808.00  -1.10526000
809.00  -1.17273000
810.00  -1.12643000
811.00  -1.77830000
812.00  -1.03941000
813.00  -1.24156000
814.00  -1.87907000
815.00  -1.97352000
816.00  -1.60542000
817.00  -1.97624000
818.00  -1.04345000
819.00  -1.94857000
820.00  -1.31130000
821.00  -1.74238000
822.00  -1.39026000
823.00  -1.75983000
824.00  -1.90294000
825.00  -1.58742000
826.00  -1.09041000
827.00  -1.12898000
828.00  -1.10526000
829.00  -1.17273000
830.00  -1.12643000
831.00  -1.77830000
832.00  -1.03941000
833.00  -1.24156000
834.00  -1.87907000
835.00  -1.97352000
836.00  -1.60542000
837.00  -1.97624000
838.00  -1.04345000
839.00  -1.94857000
840.00  -1.31130000
841.00  -1.74238000
842.00  -1.39026000
843.00  -1.75983000
844.00  -1.90294000
845.00  -1.58742000
846.00  -1.09041000
847.00  -1.12898000
848.00  -1.10526000
849.00  -1.17273000
850.00  -1.12643000
851.00  -1.77830000
852.00  -1.03941000
853.00  -1.24156000
854.00  -1.87907000
855.00  -1.97352000
856.00  -1.60542000
857.00  -1.97624000
858.00  -1.04345000
859.00  -1.94857000
860.00  -1.31130000
861.00  -1.74238000
862.00  -1.39026000
863.00  -1.75983000
864.00  -1.90294000
865.00  -1.58742000
866.00  -1.09041000
867.00  -1.12898000
868.00  -1.10526000
869.00  -1.17273000
870.00  -1.12643000
871.00  -1.77830000
872.00  -1.03941000
873.00  -1.24156000
874.00  -1.87907000
875.00  -1.97352000
876.00  -1.60542000
877.00  -1.97624000
878.00  -1.04345000
879.00  -1.94857000
880.00  -1.31130000
881.00  -1.74238000
882.00  -1.39026000
883.00  -1.75983000
884.00  -1.90294000
885.00  -1.58742000
886.00  -1.09041000
887.00  -1.12898000
888.00  -1.10526000
889.00  -1.17273000
890.00  -1.12643000
891.00  -1.77830000
892.00  -1.03941000
893.00  -1.24156000
894.00  -1.87907000
895.00  -1.97352000
896.00  -1.60542000
897.00  -1.97624000
898.00  -1.04345000
899.00  -1.94857000
900.00  -1.31130000
901.00  -1.74238000
902.00  -1.39026000
903.00  -1.75983000
904.00  -1.90294000
905.00  -1.58742000
906.00  -1.09041000
907.00  -1.12898000
908.00  -1.10526000
909.00  -1.17273000
910.00  -1.12643000
911.00  -1.77830000
912.00  -1.03941000
913.00  -1.24156000
914.00  -1.87907000
915.00  -1.97352000
916.00  -1.60542000
917.00  -1.97624000
918.00  -1.04345000
919.00  -1.94857000
920.00  -1.31130000
921.00  -1.74238000
922.00  -1.39026000
923.00  -1.75983000
924.00  -1.90294000
925.00  -1.58742000
926.00  -1.09041000
927.00  -1.12898000
928.00  -1.10526000
929.00  -1.17273000
930.00  -1.12643000
931.00  -1.77830000
932.00  -1.03941000
933.00  -1.24156000
934.00  -1.87907000
935.00  -1.97352000
936.00  -1.60542000
937.00  -1.97624000
938.00  -1.04345000
939.00  -1.94857000
940.00  -1.31130000
941.00  -1.74238000
942.00  -1.39026000
943.00  -1.75983000
944.00  -1.90294000
945.00  -1.58742000
946.00  -1.09041000
947.00  -1.12898000
948.00  -1.10526000
949.00  -1.17273000
950.00  -1.12643000
951.00  -1.77830000
952.00  -1.03941000
953.00  -1.24156000
954.00  -1.87907000
955.00  -1.97352000
956.00  -1.60542000
957.00  -1.97624000
958.00  -1.04345000
959.00  -1.94857000
960.00  -1.31130000
961.00  -1.74238000
962.00  -1.39026000
963.00  -1.75983000
964.00  -1.90294000
965.00  -1.58742000
966.00  -1.09041000
967.00  -1.12898000
968.00  -1.10526000
969.00  -1.17273000
970.00  -1.12643000
971.00  -1.77830000
972.00  -1.03941000
973.00  -1.24156000
974.00  -1.87907000
975.00  -1.97352000
976.00  -1.60542000
977.00  -1.97624000
978.00  -1.04345000
979.00  -1.94857000
980.00  -1.31130000
981.00  -1.74238000
982.00  -1.39026000
983.00  -1.75983000
984.00  -1.90294000
985.00  -1.58742000
986.00  -1.09041000
987.00  -1.12898000
988.00  -1.10526000
989.00  -1.17273000
990.00  -1.12643000
991.00  -1.77830000
992.00  -1.03941000
993.00  -1.24156000
994.00  -1.87907000
995.00  -1.97352000
996.00  -1.60542000
997.00  -1.97624000
998.00  -1.04345000
999.00  -1.94857000
1000.00  -1.31130000
1001.00  -1.74238000
1002.00  -1.39026000
1003.00  -1.75983000
1004.00  -1.90294000
1005.00  -1.58742000
1006.00  -1.09041000
1007.00  -1.12898000
1008.00  -1.10526000
1009.00  -1.17273000
1010.00  -1.12643000
1011.00  -1.77830000
1012.00  -1.03941000
1013.00  -1.24156000
1014.00  -1.87907000
1015.00  -1.97352000
1016.00  -1.60542000
1017.00  -1.97624000
1018.00  -1.04345000
1019.00  -1.94857000
1020.00  -1.31130000
1021.00  -1.74238000
1022.00  -1.39026000
1023.00  -1.75983000
1024.00  -1.90294000
1025.00  -1.58742000
1026.00  -1.09041000
1027.00  -1.12898000
1028.00  -1.10526000
1029.00  -1.17273000
1030.00  -1.12643000
1031.00  -1.77830000
1032.00  -1.03941000
1033.00  -1.24156000
1034.00  -1.87907000
1035.00  -1.97352000
1036.00  -1.60542000
1037.00  -1.97624000
1038.00  -1.04345000
1039.00  -1.94857000
1040.00  -1.31130000
1041.00  -1.74238000
1042.00  -1.39026000
1043.00  -1.75983000
1044.00  -1.90294000
1045.00  -1.58742000
1046.00  -1.09041000
1047.00  -1.12898000
1048.00  -1.10526000
1049.00  -1.17273000
1050.00  -1.12643000
1051.00  -1.77830000
1052.00  -1.03941000
1053.00  -1.24156000
1054.00  -1.87907000
1055.00  -1.97352000
1056.00  -1.60542000
1057.00  -1.97624000
1058.00  -1.04345000
1059.00  -1.94857000
1060.00  -1.31130000
1061.00  -1.74238000
1062.00  -1.39026000
1063.00  -1.75983000
1064.00  -1.90294000
1065.00  -1.58742000
1066.00  -1.09041000
1067.00  -1.12898000
1068.00  -1.10526000
1069.00  -1.17273000
1070.00  -1.12643000
1071.00  -1.77830000
1072.00  -1.03941000
1073.00  -1.24156000
1074.00  -1.87907000
1075.00  -1.97352000
1076.00  -1.60542000
1077.00  -1.97624000
1078.00  -1.04345000
1079.00  -1.94857000
1080.00  -1.31130000
1081.00  -1.74238000
1082.00  -1.39026000
1083.00  -1.75983000
1084.00  -1.90294000
1085.00  -1.58742000
1086.00  -1.09041000
1087.00  -1.12898000
1088.00  -1.10526000
1089.00  -1.17273000
1090.00  -1.12643000
1091.00  -1.77830000
1092.00  -1.03941000
1093.00  -1.24156000
1094.00  -1.87907000
1095.00  -1.97352000
1096.00  -1.60542000
1097.00  -1.97624000
1098.00  -1.04345000
1099.00  -1.94857000
1100.00  -1.31130000
1101.00  -1.74238000
1102.00  -1.39026000
1103.00  -1.75983000
1104.00  -1.90294000
1105.00  -1.58742000
1106.00  -1.09041000
1107.00  -1.12898000
1108.00  -1.10526000
1109.00  -1.17273000
1110.00  -1.12643000
1111.00  -1.77830000
1112.00  -1.03941000
1113.00  -1.24156000
1114.00  -1.87907000
1115.00  -1.97352000
1116.00  -1.60542000
1117.00  -1.97624000
1118.00  -1.04345000
1119.00  -1.94857000
1120.00  -1.31130000
1121.00  -1.74238000
1122.00  -1.39026000
1123.00  -1.75983000
1124.00  -1.90294000
1125.00  -1.58742000
1126.00  -1.09041000
1127.00  -1.12898000
1128.00  -1.10526000
1129.00  -1.17273000
1130.00  -1.12643000
1131.00  -1.77830000
1132.00  -1.03941000
1133.00  -1.24156000
1134.00  -1.87907000
1135.00  -1.97352000
1136.00  -1.60542000
1137.00  -1.97624000
1138.00  -1.04345000
1139.00  -1.94857000
1140.00  -1.31130000
1141.00  -1.74238000
1142.00  -1.39026000
1143.00  -1.75983000
1144.00  -1.90294000
1145.00  -1.58742000
1146.00  -1.09041000
1147.00  -1.12898000
1148.00  -1.10526000
1149.00  -1.17273000
1150.00  -1.12643000
1151.00  -1.77830000
1152.00  -1.03941000
1153.00  -1.24156000
1154.00  -1.87907000
1155.00  -1.97352000
1156.00  -1.60542000
1157.00  -1.97624000
1158.00  -1.04345000
1159.00  -1.94857000
1160.00  -1.31130000
1161.00  -1.74238000
1162.00  -1.39026000
1163.00  -1.75983000
1164.00  -1.90294000
1165.00  -1.58742000
1166.00  -1.09041000
1167.00  -1.12898000
1168.00  -1.10526000
1169.00  -1.17273000
1170.00  -1.12643000
1171.00  -1.77830000
1172.00  -1.03941000
1173.00  -1.24156000
1174.00  -1.87907000
1175.00  -1.97352000
1176.00  -1.60542000
1177.00  -1.97624000
1178.00  -1.04345000
1179.00  -1.94857000
1180.00  -1.31130000
1181.00  -1.74238000
1182.00  -1.39026000
1183.00  -1.75983000
1184.00  -1.90294000
1185.00  -1.58742000
1186.00  -1.09041000
1187.00  -1.12898000
1188.00  -1.10526000
1189.00  -1.17273000
1190.00  -1.12643000
1191.00  -1.77830000
1192.00  -1.03941000
1193.00  -1.24156000
1194.00  -1.87907000
1195.00  -1.97352000
1196.00  -1.60542000
1197.00  -1.97624000
1198.00  -1.04345000
1199.00  -1.94857000
1200.00  -1.31130000
1201.00  -1.74238000
1202.00  -1.39026000
1203.00  -1.75983000
1204.00  -1.90294000
1205.00  -1.58742000
1206.00  -1.09041000
1207.00  -1.12898000
1208.00  -1.10526000
1209.00  -1.17273000
1210.00  -1.12643000
1211.00  -1.77830000
1212.00  -1.03941000
1213.00  -1.24156000
1214.00  -1.87907000
1215.00  -1.97352000
1216.00  -1.60542000
1217.00  -1.97624000
1218.00  -1.04345000
1219.00  -1.94857000
1220.00  -1.31130000
1221.00  -1.74238000
1222.00  -1.39026000
1223.00  -1.75983000
1224.00  -1.90294000
1225.00  -1.58742000
1226.00  -1.09041000
1227.00  -1.12898000
1228.00  -1.10526000
1229.00  -1.17273000
1230.00  -1.12643000
1231.00  -1.77830000
1232.00  -1.03941000
1233.00  -1.24156000
1234.00  -1.87907000
1235.00  -1.97352000
1236.00  -1.60542000
1237.00  -1.97624000
1238.00  -1.04345000
1239.00  -1.94857000
1240.00  -1.31130000
1241.00  -1.74238000
1242.00  -1.39026000
1243.00  -1.75983000
1244.00  -1.90294000
1245.00  -1.58742000
1246.00  -1.09041000
1247.00  -1.12898000
1248.00  -1.10526000
1249.00  -1.17273000
1250.00  -1.12643000
1251.00  -1.77830000
1252.00  -1.03941000
1253.00  -1.24156000
1254.00  -1.87907000
1255.00  -1.97352000
1256.00  -1.60542000
1257.00  -1.97624000
1258.00  -1.04345000
1259.00  -1.94857000
1260.00  -1.31130000
1261.00  -1.74238000
1262.00  -1.39026000
1263.00  -1.75983000
1264.00  -1.90294000
1265.00  -1.58742000
1266.00  -1.09041000
1267.00  -1.12898000
1268.00  -1.10526000
1269.00  -1.17273000
1270.00  -1.12643000
1271.00  -1.77830000
1272.00  -1.03941000
1273.00  -1.24156000
1274.00  -1.87907000
1275.00  -1.97352000
1276.00  -1.60542000
1277.00  -1.97624000
1278.00  -1.04345000
1279.00  -1.94857000
1280.00  -1.31130000
1281.00  -1.74238000
1282.00  -1.39026000
1283.00  -1.75983000
1284.00  -1.90294000
1285.00  -1.58742000
1286.00  -1.09041000
1287.00  -1.12898000
1288.00  -1.10526000
1289.00  -1.17273000
1290.00  -1.12643000
1291.00  -1.77830000
1292.00  -1.03941000
1293.00  -1.24156000
1294.00  -1.87907000
1295.00  -1.97352000
1296.00  -1.60542000
1297.00  -1.97624000
1298.00  -1.04345000
1299.00  -1.94857000
1300.00  -1.31130000
1301.00  -1.74238000
1302.00  -1.39026000
1303.00  -1.75983000
1304.00  -1.90294000
1305.00  -1.58742000
1306.00  -1.09041000
1307.00  -1.12898000
1308.00  -1.10526000
1309.00  -1.17273000
1310.00  -1.12643000
1311.00  -1.77830000
1312.00  -1.03941000
1313.00  -1.24156000
1314.00  -1.87907000
1315.00  -1.97352000
1316.00  -1.60542000
1317.00  -1.97624000
1318.00  -1.04345000
1319.00  -1.94857000
1320.00  -1.31130000
1321.00  -1.74238000
1322.00  -1.39026000
1323.00  -1.75983000
1324.00  -1.90294000
1325.00  -1.58742000
1326.00  -1.09041000
1327.00  -1.12898000
1328.00  -1.10526000
1329.00  -1.17273000
1330.00  -1.12643000
1331.00  -1.77830000
1332.00  -1.03941000
1333.00  -1.24156000
1334.00  -1.87907000
1335.00  -1.97352000
1336.00  -1.60542000
1337.00  -1.97624000
1338.00  -1.04345000
1339.00  -1.94857000
1340.00  -1.31130000
1341.00  -1.74238000
1342.00  -1.39026000
1343.00  -1.75983000
1344.00  -1.90294000
1345.00  -1.58742000
1346.00  -1.09041000
1347.00  -1.12898000
1348.00  -1.10526000
1349.00  -1.17273000
1350.00  -1.12643000
1351.00  -1.77830000
1352.00  -1.03941000
1353.00  -1.24156000
1354.00  -1.87907000
1355.00  -1.97352000
1356.00  -1.60542000
1357.00  -1.97624000
1358.00  -1.04345000
1359.00  -1.94857000
1360.00  -1.31130000
1361.00  -1.74238000
1362.00  -1.39026000
1363.00  -1.75983000
1364.00  -1.90294000
1365.00  -1.58742000
1366.00  -1.09041000
1367.00  -1.12898000
1368.00  -1.10526000
1369.00  -1.17273000
1370.00  -1.12643000
1371.00  -1.77830000
1372.00  -1.03941000
1373.00  -1.24156000
1374.00  -1.87907000
1375.00  -1.97352000
1376.00  -1.60542000
1377.00  -1.97624000
1378.00  -1.04345000
1379.00  -1.94857000
1380.00  -1.31130000
1381.00  -1.74238000
1382.00  -1.39026000
1383.00  -1.75983000
1384.00  -1.90294000
1385.00  -1.58742000
1386.00  -1.09041000
1387.00  -1.12898000
1388.00  -1.10526000
1389.00  -1.17273000
1390.00  -1.12643000
1391.00  -1.77830000
1392.00  -1.03941000
1393.00  -1.24156000
1394.00  -1.87907000
1395.00  -1.97352000
1396.00  -1.60542000
1397.00  -1.97624000
1398.00  -1.04345000
1399.00  -1.94857000
1400.00  -1.31130000
1401.00  -1.74238000
1402.00  -1.39026000
1403.00  -1.75983000
1404.00  -1.90294000
1405.00  -1.58742000
1406.00  -1.09041000
1407.00  -1.12898000
1408.00  -1.10526000
1409.00  -1.17273000
1410.00  -1.12643000
1411.00  -1.77830000
1412.00  -1.03941000
1413.00  -1.24156000
1414.00  -1.87907000
1415.00  -1.97352000
1416.00  -1.60542000
1417.00  -1.97624000
1418.00  -1.04345000
1419.00  -1.94857000
1420.00  -1.31130000
1421.00  -1.74238000
1422.00  -1.39026000
1423.00  -1.75983000
1424.00  -1.90294000
1425.00  -1.58742000
1426.00  -1.09041000
1427.00  -1.12898000
1428.00  -1.10526000
1429.00  -1.17273000
1430.00  -1.12643000
1431.00  -1.77830000
1432.00  -1.03941000
1433.00  -1.24156000
1434.00  -1.87907000
1435.00  -1.97352000
1436.00  -1.60542000
1437.00  -1.97624000
1438.00  -1.04345000
1439.00  -1.94857000
1440.00  -1.31130000
1441.00  -1.74238000
1442.00  -1.39026000
1443.00  -1.75983000
1444.00  -1.90294000
1445.00  -1.58742000
1446.00  -1.09041000
1447.00  -1.12898000
1448.00  -1.10526000
1449.00  -1.17273000
1450.00  -1.12643000
1451.00  -1.77830000
1452.00  -1.03941000
1453.00  -1.24156000
1454.00  -1.87907000
1455.00  -1.97352000
1456.00  -1.60542000
1457.00  -1.97624000
1458.00  -1.04345000
1459.00  -1.94857000
1460.00  -1.31130000
1461.00  -1.74238000
1462.00  -1.39026000
1463.00  -1.75983000
1464.00  -1.90294000
1465.00  -1.58742000
1466.00  -1.09041000
1467.00  -1.12898000
1468.00  -1.10526000
1469.00  -1.17273000
1470.00  -1.12643000
1471.00  -1.77830000
1472.00  -1.03941000
1473.00  -1.24156000
1474.00  -1.87907000
1475.00  -1.97352000
1476.00  -1.60542000
1477.00  -1.97624000
1478.00  -1.04345000
1479.00  -1.94857000
1480.00  -1.31130000
1481.00  -1.74238000
1482.00  -1.39026000
1483.00  -1.75983000
1484.00  -1.90294000
1485.00  -1.58742000
1486.00  -1.09041000
1487.00  -1.12898000
1488.00  -1.10526000
1489.00  -1.17273000
1490.00  -1.12643000
1491.00  -1.77830000
1492.00  -1.03941000
1493.00  -1.24156000
1494.00  -1.87907000
1495.00  -1.97352000
1496.00  -1.60542000
1497.00  -1.97624000
1498.00  -1.04345000
1499.00  -1.94857000
1500.00  -1.31130000
1501.00  -1.74238000
1502.00  -1.39026000
1503.00  -1.75983000
1504.00  -1.90294000
1505.00  -1.58742000
1506.00  -1.09041000
1507.00  -1.12898000
1508.00  -1.10526000
1509.00  -1.17273000
1510.00  -1.12643000
1511.00  -1.77830000
1512.00  -1.03941000
1513.00  -1.24156000
1514.00  -1.87907000
1515.00  -1.97352000
1516.00  -1.60542000
1517.00  -1.97624000
1518.00  -1.04345000
1519.00  -1.94857000
1520.00  -1.31130000
1521.00  -1.74238000
1522.00  -1.39026000
1523.00  -1.75983000
1524.00  -1.90294000
1525.00  -1.58742000
1526.00  -1.09041000
1527.00  -1.12898000
1528.00  -1.10526000
1529.00  -1.17273000
1530.00  -1.12643000
1531.00  -1.77830000
1532.00  -1.03941000
1533.00  -1.24156000
1534.00  -1.87907000
1535.00  -1.97352000
1536.00  -1.60542000
1537.00  -1.97624000
1538.00  -1.04345000
1539.00  -1.94857000
1540.00  -1.31130000
1541.00  -1.74238000
1542.00  -1.39026000
1543.00  -1.75983000
1544.00  -1.90294000
1545.00  -1.58742000
1546.00  -1.09041000
1547.00  -1.12898000
1548.00  -1.10526000
1549.00  -1.17273000
1550.00  -1.12643000
1551.00  -1.77830000
1552.00  -1.03941000
1553.00  -1.24156000
1554.00  -1.87907000
1555.00  -1.97352000
1556.00  -1.60542000
1557.00  -1.97624000
1558.00  -1.04345000
1559.00  -1.94857000
1560.00  -1.31130000
1561.00  -1.74238000
1562.00  -1.39026000
1563.00  -1.75983000
1564.00  -1.90294000
1565.00  -1.58742000
1566.00  -1.09041000
1567.00  -1.12898000
1568.00  -1.10526000
1569.00  -1.17273000
1570.00  -1.12643000
1571.00  -1.77830000
1572.00  -1.03941000
1573.00  -1.24156000
1574.00  -1.87907000
1575.00  -1.97352000
1576.00  -1.60542000
1577.00  -1.97624000
1578.00  -1.04345000
1579.00  -1.94857000
1580.00  -1.31130000
1581.00  -1.74238000
1582.00  -1.39026000
1583.00  -1.75983000
1584.00  -1.90294000
1585.00  -1.58742000
1586.00  -1.09041000
1587.00  -1.12898000
1588.00  -1.10526000
1589.00  -1.17273000
1590.00  -1.12643000
1591.00  -1.77830000
1592.00  -1.03941000
1593.00  -1.24156000
1594.00  -1.87907000
1595.00  -1.97352000
1596.00  -1.60542000
1597.00  -1.97624000
1598.00  -1.04345000
1599.00  -1.94857000
1600.00  -1.31130000
1601.00  -1.74238000
1602.00  -1.39026000
1603.00  -1.75983000
1604.00  -1.90294000
1605.00  -1.58742000
1606.00  -1.09041000
1607.00  -1.12898000
1608.00  -1.10526000
1609.00  -1.17273000
1610.00  -1.12643000
1611.00  -1.77830000
1612.00  -1.03941000
1613.00  -1.24156000
1614.00  -1.87907000
1615.00  -1.97352000
1616.00  -1.60542000
1617.00  -1.97624000
1618.00  -1.04345000
1619.00  -1.94857000
1620.00  -1.31130000
1621.00  -1.74238000
1622.00  -1.39026000
1623.00  -1.75983000
1624.00  -1.90294000
1625.00  -1.58742000
1626.00  -1.09041000
1627.00  -1.12898000
1628.00  -1.10526000
1629.00  -1.17273000
1630.00  -1.12643000
1631.00  -1.77830000
1632.00  -1.03941000
1633.00  -1.24156000
1634.00  -1.87907000
1635.00  -1.97352000
1636.00  -1.60542000
1637.00  -1.97624000
1638.00  -1.04345000
1639.00  -1.94857000
1640.00  -1.31130000
1641.00  -1.74238000
1642.00  -1.39026000
1643.00  -1.75983000
1644.00  -1.90294000
1645.00  12.11273369
1646.00  -1.09041000
1647.00  -1.12898000
1648.00  -1.10526000
1649.00  -1.17273000
1650.00  -1.12643000
1651.00  -1.77830000
1652.00  -1.03941000
1653.00  -1.24156000
1654.00  -1.87907000
1655.00  -1.97352000
1656.00  -1.60542000
1657.00  -1.97624000
1658.00  -1.04345000
1659.00  -1.94857000
1660.00  -1.31130000
1661.00  -1.74238000
1662.00  -1.39026000
1663.00  -1.75983000
1664.00  -1.90294000
1665.00  -1.58742000
1666.00  -1.09041000
1667.00  -1.12898000
1668.00  -1.10526000
1669.00  -1.17273000
1670.00  -1.12643000
1671.00  -1.77830000
1672.00  -1.03941000
1673.00  -1.24156000
1674.00  -1.87907000
1675.00  -1.97352000
1676.00  -1.60542000
1677.00  -1.97624000
1678.00  -1.04345000
1679.00  -1.94857000
1680.00  -1.31130000
1681.00  -1.74238000
1682.00  -1.39026000
1683.00  -1.75983000
1684.00  -1.90294000
1685.00  -1.58742000
1686.00  -1.09041000
1687.00  -1.12898000
1688.00  -1.10526000
1689.00  -1.17273000
1690.00  -1.12643000
1691.00  -1.77830000
1692.00  -1.03941000
1693.00  -1.24156000
1694.00  -1.87907000
1695.00  -1.97352000
1696.00  -1.60542000
1697.00  -1.97624000
1698.00  -1.04345000
1699.00  -1.94857000
1700.00  -1.31130000
1701.00  -1.74238000
1702.00  -1.39026000
1703.00  -1.75983000
1704.00  -1.90294000
1705.00  -1.58742000
1706.00  -1.09041000
1707.00  -1.12898000
1708.00  -1.10526000
1709.00  -1.17273000
1710.00  -1.12643000
1711.00  -1.77830000
1712.00  -1.03941000
1713.00  -1.24156000
1714.00  -1.87907000
1715.00  -1.97352000
1716.00  -1.60542000
1717.00  -1.97624000
1718.00  -1.04345000
1719.00  -1.94857000
1720.00  -1.31130000
1721.00  -1.74238000
1722.00  -1.39026000
1723.00  -1.75983000
1724.00  -1.90294000
1725.00  -1.58742000
1726.00  -1.09041000
1727.00  -1.12898000
1728.00  -1.10526000
1729.00  -1.17273000
1730.00  -1.12643000
1731.00  -1.77830000
1732.00  -1.03941000
1733.00  -1.24156000
1734.00  -1.87907000
1735.00  -1.97352000
1736.00  -1.60542000
1737.00  -1.97624000
1738.00  -1.04345000
1739.00  -1.94857000
1740.00  -1.31130000
1741.00  -1.74238000
1742.00  -1.39026000
1743.00  -1.75983000
1744.00  -1.90294000
1745.00  -1.58742000
1746.00  -1.09041000
1747.00  -1.12898000
1748.00  -1.10526000
1749.00  -1.17273000
1750.00  -1.12643000
1751.00  -1.77830000
1752.00  -1.03941000
1753.00  -1.24156000
1754.00  -1.87907000
1755.00  -1.97352000
1756.00  -1.60542000
1757.00  -1.97624000
1758.00  -1.04345000
1759.00  -1.94857000
1760.00  -1.31130000
1761.00  -1.74238000
1762.00  -1.39026000
1763.00  -1.75983000
1764.00  -1.90294000
1765.00  -1.58742000
1766.00  -1.09041000
1767.00  -1.12898000
1768.00  -1.10526000
1769.00  -1.17273000
1770.00  -1.12643000
1771.00  -1.77830000
1772.00  -1.03941000
1773.00  -1.24156000
1774.00  -1.87907000
1775.00  -1.97352000
1776.00  -1.60542000
1777.00  -1.97624000
1778.00  -1.04345000
1779.00  -1.94857000
1780.00  -1.31130000
1781.00  -1.74238000
1782.00  -1.39026000
1783.00  -1.75983000
1784.00  -1.90294000
1785.00  -1.58742000
1786.00  -1.09041000
1787.00  -1.12898000
1788.00  -1.10526000
1789.00  -1.17273000
1790.00  -1.12643000
1791.00  -1.77830000
1792.00  -1.03941000
1793.00  -1.24156000
1794.00  -1.87907000
1795.00  -1.97352000
1796.00  -1.60542000
1797.00  -1.97624000
1798.00  -1.04345000
1799.00  -1.94857000
1800.00  -1.31130000
1801.00  -1.74238000
1802.00  -1.39026000
1803.00  -1.75983000
1804.00  -1.90294000
1805.00  -1.58742000
1806.00  -1.09041000
1807.00  -1.12898000
1808.00  -1.10526000
1809.00  -1.17273000
1810.00  -1.12643000
1811.00  -1.77830000
1812.00  -1.03941000
1813.00  -1.24156000
1814.00  -1.87907000
1815.00  -1.97352000
1816.00  -1.60542000
1817.00  -1.97624000
1818.00  -1.04345000
1819.00  -1.94857000
1820.00  -1.31130000
1821.00  -1.74238000
1822.00  -1.39026000
1823.00  -1.75983000
1824.00  -1.90294000
1825.00  -1.58742000
1826.00  -1.09041000
1827.00  -1.12898000
1828.00  -1.10526000
1829.00  -1.17273000
1830.00  -1.12643000
1831.00  -1.77830000
1832.00  -1.03941000
1833.00  -1.24156000
1834.00  -1.87907000
1835.00  -1.97352000
1836.00  -1.60542000
1837.00  -1.97624000
1838.00  -1.04345000
1839.00  -1.94857000
1840.00  -1.31130000
1841.00  -1.74238000
1842.00  -1.39026000
1843.00  -1.75983000
1844.00  -1.90294000
1845.00  -1.58742000
1846.00  -1.09041000
1847.00  -1.12898000
1848.00  -1.10526000
1849.00  -1.17273000
1850.00  -1.12643000
1851.00  -1.77830000
1852.00  -1.03941000
1853.00  -1.24156000
1854.00  -1.87907000
1855.00  -1.97352000
1856.00  -1.60542000
1857.00  -1.97624000
1858.00  -1.04345000
1859.00  -1.94857000
1860.00  -1.31130000
1861.00  -1.74238000
1862.00  -1.39026000
1863.00  -1.75983000
1864.00  -1.90294000
1865.00  -1.58742000
1866.00  -1.09041000
1867.00  -1.12898000
1868.00  -1.10526000
1869.00  -1.17273000
1870.00  -1.12643000
1871.00  -1.77830000
1872.00  -1.03941000
1873.00  -1.24156000
1874.00  -1.87907000
1875.00  -1.97352000
1876.00  -1.60542000
1877.00  -1.97624000
1878.00  -1.04345000
1879.00  -1.94857000
1880.00  -1.31130000
1881.00  -1.74238000
1882.00  -1.39026000
1883.00  -1.75983000
1884.00  -1.90294000
1885.00  -1.58742000
1886.00  -1.09041000
1887.00  -1.12898000
1888.00  -1.10526000
1889.00  -1.17273000
1890.00  -1.12643000
1891.00  -1.77830000
1892.00  -1.03941000
1893.00  -1.24156000
1894.00  -1.87907000
1895.00  -1.97352000
1896.00  -1.60542000
1897.00  -1.97624000
1898.00  -1.04345000
1899.00  -1.94857000
1900.00  -1.31130000
1901.00  -1.74238000
1902.00  -1.39026000
1903.00  -1.75983000
1904.00  -1.90294000
1905.00  -1.58742000
1906.00  -1.09041000
1907.00  -1.12898000
1908.00  -1.10526000
1909.00  -1.17273000
1910.00  -1.12643000
1911.00  -1.77830000
1912.00  -1.03941000
1913.00  -1.24156000
1914.00  -1.87907000
1915.00  -1.97352000
1916.00  -1.60542000
1917.00  -1.97624000
1918.00  -1.04345000
1919.00  -1.94857000
1920.00  -1.31130000
1921.00  -1.74238000
1922.00  -1.39026000
1923.00  -1.75983000
1924.00  -1.90294000
1925.00  -1.58742000
1926.00  -1.09041000
1927.00  -1.12898000
1928.00  -1.10526000
1929.00  -1.17273000
1930.00  -1.12643000
1931.00  -1.77830000
1932.00  -1.03941000
1933.00  -1.24156000
1934.00  -1.87907000
1935.00  -1.97352000
1936.00  -1.60542000
1937.00  -1.97624000
1938.00  -1.04345000
1939.00  -1.94857000
1940.00  -1.31130000
1941.00  -1.74238000
1942.00  -1.39026000
1943.00  -1.75983000
1944.00  -1.90294000
1945.00  -1.58742000
1946.00  -1.09041000
1947.00  -1.12898000
1948.00  -1.10526000
1949.00  -1.17273000
1950.00  -1.12643000
1951.00  -1.77830000
1952.00  -1.03941000
1953.00  -1.24156000
1954.00  -1.87907000
1955.00  -1.97352000
1956.00  -1.60542000
1957.00  -1.97624000
1958.00  -1.04345000
1959.00  -1.94857000
1960.00  -1.31130000
1961.00  -1.74238000
1962.00  -1.39026000
1963.00  -1.75983000
1964.00  -1.90294000
1965.00  -1.58742000
1966.00  -1.09041000
1967.00  -1.12898000
1968.00  -1.10526000
1969.00  -1.17273000
1970.00  -1.12643000
1971.00  -1.77830000
1972.00  -1.03941000
1973.00  -1.24156000
1974.00  -1.87907000
1975.00  -1.97352000
1976.00  -1.60542000
1977.00  -1.97624000
1978.00  -1.04345000
1979.00  -1.94857000
1980.00  -1.31130000
1981.00  -1.74238000
1982.00  -1.39026000
1983.00  -1.75983000
1984.00  -1.90294000
1985.00  -1.58742000
1986.00  -1.09041000
1987.00  -1.12898000
1988.00  -1.10526000
1989.00  -1.17273000
1990.00  -1.12643000
1991.00  -1.77830000
1992.00  -1.03941000
1993.00  -1.24156000
1994.00  -1.87907000
1995.00  -1.97352000
1996.00  -1.60542000
1997.00  -1.97624000
1998.00  -1.04345000
1999.00  -1.94857000
2000.00  -1.31130000
2001.00  -1.74238000
2002.00  -1.39026000
2003.00  -1.75983000
2004.00  -1.90294000
2005.00  -1.58742000
2006.00  -1.09041000
2007.00  -1.12898000
2008.00  -1.10526000
2009.00  -1.17273000
2010.00  -1.12643000
2011.00  -1.77830000
2012.00  -1.03941000
2013.00  -1.24156000
2014.00  -1.87907000
2015.00  -1.97352000
2016.00  -1.60542000
2017.00  -1.97624000
2018.00  -1.04345000
2019.00  -1.94857000
2020.00  -1.31130000
2021.00  -1.74238000
2022.00  -1.39026000
2023.00  -1.75983000
2024.00  -1.90294000
2025.00  -1.58742000
2026.00  -1.09041000
2027.00  -1.12898000
2028.00  -1.10526000
2029.00  -1.17273000
2030.00  -1.12643000
2031.00  -1.77830000
2032.00  -1.03941000
2033.00  -1.24156000
2034.00  -1.87907000
2035.00  -1.97352000
2036.00  -1.60542000
2037.00  -1.97624000
2038.00  -1.04345000
2039.00  -1.94857000
2040.00  -1.31130000
2041.00  -1.74238000
2042.00  -1.39026000
2043.00  -1.75983000
2044.00  -1.90294000
2045.00  -1.58742000
2046.00  -1.09041000
2047.00  -1.12898000
2048.00  -1.10526000
2049.00  -1.17273000
2050.00  -1.12643000
2051.00  -1.77830000
2052.00  -1.03941000
2053.00  -1.24156000
2054.00  -1.87907000
2055.00  -1.97352000
2056.00  -1.60542000
2057.00  -1.97624000
2058.00  -1.04345000
2059.00  -1.94857000
2060.00  -1.31130000
2061.00  -1.74238000
2062.00  -1.39026000
2063.00  -1.75983000
2064.00  -1.90294000
2065.00  -1.58742000
2066.00  -1.09041000
2067.00  -1.12898000
2068.00  -1.10526000
2069.00  -1.17273000
2070.00  -1.12643000
2071.00  -1.77830000
2072.00  -1.03941000
2073.00  -1.24156000
2074.00  -1.87907000
2075.00  -1.97352000
2076.00  -1.60542000
2077.00  -1.97624000
2078.00  -1.04345000
2079.00  -1.94857000
2080.00  -1.31130000
2081.00  -1.74238000
2082.00  -1.39026000
2083.00  -1.75983000
2084.00  -1.90294000
2085.00  -1.58742000
2086.00  -1.09041000
2087.00  -1.12898000
2088.00  -1.10526000
2089.00  -1.17273000
2090.00  -1.12643000
2091.00  -1.77830000
2092.00  -1.03941000
2093.00  -1.24156000
2094.00  -1.87907000
2095.00  -1.97352000
2096.00  -1.60542000
2097.00  -1.97624000
2098.00  -1.04345000
2099.00  -1.94857000
2100.00  -1.31130000
2101.00  -1.74238000
2102.00  -1.39026000
2103.00  -1.75983000
2104.00  -1.90294000
2105.00  -1.58742000
2106.00  -1.09041000
2107.00  -1.12898000
2108.00  -1.10526000
2109.00  -1.17273000
2110.00  -1.12643000
2111.00  -1.77830000
2112.00  -1.03941000
2113.00  -1.24156000
2114.00  -1.87907000
2115.00  -1.97352000
2116.00  -1.60542000
2117.00  -1.97624000
2118.00  -1.04345000
2119.00  -1.94857000
2120.00  -1.31130000
2121.00  -1.74238000
2122.00  -1.39026000
2123.00  -1.75983000
2124.00  -1.90294000
2125.00  -1.58742000
2126.00  -1.09041000
2127.00  -1.12898000
2128.00  -1.10526000
2129.00  -1.17273000
2130.00  -1.12643000
2131.00  -1.77830000
2132.00  -1.03941000
2133.00  -1.24156000
2134.00  -1.87907000
2135.00  -1.97352000
2136.00  -1.60542000
2137.00  -1.97624000
2138.00  -1.04345000
2139.00  -1.94857000
2140.00  -1.31130000
2141.00  -1.74238000
2142.00  -1.39026000
2143.00  -1.75983000
2144.00  -1.90294000
2145.00  -1.58742000
2146.00  -1.09041000
2147.00  -1.12898000
2148.00  -1.10526000
2149.00  -1.17273000
2150.00  -1.12643000
2151.00  -1.77830000
2152.00  -1.03941000
2153.00  -1.24156000
2154.00  -1.87907000
2155.00  -1.97352000
2156.00  -1.60542000
2157.00  -1.97624000
2158.00  -1.04345000
2159.00  -1.94857000
2160.00  -1.31130000
2161.00  -1.74238000
2162.00  -1.39026000
2163.00  -1.75983000
2164.00  -1.90294000
2165.00  -1.58742000
2166.00  -1.09041000
2167.00  -1.12898000
2168.00  -1.10526000
2169.00  -1.17273000
2170.00  -1.12643000
2171.00  -1.77830000
2172.00  -1.03941000
2173.00  -1.24156000
2174.00  -1.87907000
2175.00  -1.97352000
2176.00  -1.60542000
2177.00  -1.97624000
2178.00  -1.04345000
2179.00  -1.94857000
2180.00  -1.31130000
2181.00  -1.74238000
2182.00  -1.39026000
2183.00  -1.75983000
2184.00  -1.90294000
2185.00  -1.58742000
2186.00  -1.09041000
2187.00  -1.12898000
2188.00  -1.10526000
2189.00  -1.17273000
2190.00  -1.12643000
2191.00  -1.77830000
2192.00  -1.03941000
2193.00  -1.24156000
2194.00  -1.87907000
2195.00  -1.97352000
2196.00  -1.60542000
2197.00  -1.97624000
2198.00  -1.04345000
2199.00  -1.94857000
2200.00  -1.31130000
2201.00  -1.74238000
2202.00  -1.39026000
2203.00  -1.75983000
2204.00  -1.90294000
2205.00  -1.58742000
2206.00  -1.09041000
2207.00  -1.12898000
2208.00  -1.10526000
2209.00  -1.17273000
2210.00  -1.12643000
2211.00  -1.77830000
2212.00  -1.03941000
2213.00  -1.24156000
2214.00  -1.87907000
2215.00  -1.97352000
2216.00  -1.60542000
2217.00  -1.97624000
2218.00  -1.04345000
2219.00  -1.94857000
2220.00  -1.31130000
2221.00  -1.74238000
2222.00  -1.39026000
2223.00  -1.75983000
2224.00  -1.90294000
2225.00  -1.58742000
2226.00  -1.09041000
2227.00  -1.12898000
2228.00  -1.10526000
2229.00  -1.17273000
2230.00  -1.12643000
2231.00  -1.77830000
2232.00  -1.03941000
2233.00  -1.24156000
2234.00  -1.87907000
2235.00  -1.97352000
2236.00  -1.60542000
2237.00  -1.97624000
2238.00  -1.04345000
2239.00  -1.94857000
2240.00  -1.31130000
2241.00  -1.74238000
2242.00  -1.39026000
2243.00  -1.75983000
2244.00  -1.90294000
2245.00  -1.58742000
2246.00  -1.09041000
2247.00  -1.12898000
2248.00  -1.10526000
2249.00  -1.17273000
2250.00  -1.12643000
2251.00  -1.77830000
2252.00  -1.03941000
2253.00  -1.24156000
2254.00  -1.87907000
2255.00  -1.97352000
2256.00  -1.60542000
2257.00  -1.97624000
2258.00  -1.04345000
2259.00  -1.94857000
2260.00  -1.31130000
2261.00  -1.74238000
2262.00  -1.39026000
2263.00  -1.75983000
2264.00  -1.90294000
2265.00  -1.58742000
2266.00  -1.09041000
2267.00  -1.12898000
2268.00  -1.10526000
2269.00  -1.17273000
2270.00  -1.12643000
2271.00  -1.77830000
2272.00  -1.03941000
2273.00  -1.24156000
2274.00  -1.87907000
2275.00  -1.97352000
2276.00  -1.60542000
2277.00  -1.97624000
2278.00  -1.04345000
2279.00  -1.94857000
2280.00  -1.31130000
2281.00  -1.74238000
2282.00  -1.39026000
2283.00  -1.75983000
2284.00  -1.90294000
2285.00  -1.58742000
2286.00  -1.09041000
2287.00  -1.12898000
2288.00  -1.10526000
2289.00  -1.17273000
2290.00  -1.12643000
2291.00  -1.77830000
2292.00  -1.03941000
2293.00  -1.24156000
2294.00  -1.87907000
2295.00  -1.97352000
2296.00  -1.60542000
2297.00  -1.97624000
2298.00  -1.04345000
2299.00  -1.94857000
2300.00  -1.31130000
2301.00  -1.74238000
2302.00  -1.39026000
2303.00  -1.75983000
2304.00  -1.90294000
2305.00  -1.58742000
2306.00  -1.09041000
2307.00  -1.12898000
2308.00  -1.10526000
2309.00  -1.17273000
2310.00  -1.12643000
2311.00  -1.77830000
2312.00  -1.03941000
2313.00  -1.24156000
2314.00  -1.87907000
2315.00  -1.97352000
2316.00  -1.60542000
2317.00  -1.97624000
2318.00  -1.04345000
2319.00  -1.94857000
2320.00  -1.31130000
2321.00  -1.74238000
2322.00  -1.39026000
2323.00  -1.75983000
2324.00  -1.90294000
2325.00  -1.58742000
2326.00  -1.09041000
2327.00  -1.12898000
2328.00  -1.10526000
2329.00  -1.17273000
2330.00  -1.12643000
2331.00  -1.77830000
2332.00  -1.03941000
2333.00  -1.24156000
2334.00  -1.87907000
2335.00  -1.97352000
2336.00  -1.60542000
2337.00  -1.97624000
2338.00  -1.04345000
2339.00  -1.94857000
2340.00  -1.31130000
2341.00  -1.74238000
2342.00  -1.39026000
2343.00  -1.75983000
2344.00  -1.90294000
2345.00  -1.58742000
2346.00  -1.09041000
2347.00  -1.12898000
2348.00  -1.10526000
2349.00  -1.17273000
2350.00  -1.12643000
2351.00  -1.77830000
2352.00  -1.03941000
2353.00  -1.24156000
2354.00  -1.87907000
2355.00  -1.97352000
2356.00  -1.60542000
2357.00  -1.97624000
2358.00  -1.04345000
2359.00  -1.94857000
2360.00  -1.31130000
2361.00  -1.74238000
2362.00  -1.39026000
2363.00  -1.75983000
2364.00  -1.90294000
2365.00  -1.58742000
2366.00  -1.09041000
2367.00  -1.12898000
2368.00  -1.10526000
2369.00  -1.17273000
2370.00  -1.12643000
2371.00  -1.77830000
2372.00  -1.03941000
2373.00  -1.24156000
2374.00  -1.87907000
2375.00  -1.97352000
2376.00  -1.60542000
2377.00  -1.97624000
2378.00  -1.04345000
2379.00  -1.94857000
2380.00  -1.31130000
2381.00  -1.74238000
2382.00  -1.39026000
2383.00  -1.75983000
2384.00  -1.90294000
2385.00  -1.58742000
2386.00  -1.09041000
2387.00  -1.12898000
2388.00  -1.10526000
2389.00  -1.17273000
2390.00  -1.12643000
2391.00  -1.77830000
2392.00  -1.03941000
2393.00  -1.24156000
2394.00  -1.87907000
2395.00  -1.97352000
2396.00  -1.60542000
2397.00  -1.97624000
2398.00  -1.04345000
2399.00  -1.94857000
2400.00  -1.31130000
2401.00  -1.74238000
2402.00  -1.39026000
2403.00  -1.75983000
2404.00  -1.90294000
2405.00  -1.58742000
2406.00  -1.09041000
2407.00  -1.12898000
2408.00  -1.10526000
2409.00  -1.17273000
2410.00  -1.12643000
2411.00  -1.77830000
2412.00  -1.03941000
2413.00  -1.24156000
2414.00  -1.87907000
2415.00  -1.97352000
2416.00  -1.60542000
2417.00  -1.97624000
2418.00  -1.04345000
2419.00  -1.94857000
2420.00  -1.31130000
2421.00  -1.74238000
2422.00  -1.39026000
2423.00  -1.75983000
2424.00  -1.90294000
2425.00  -1.58742000
2426.00  -1.09041000
2427.00  -1.12898000
2428.00  -1.10526000
2429.00  -1.17273000
2430.00  -1.12643000
2431.00  -1.77830000
2432.00  -1.03941000
2433.00  -1.24156000
2434.00  -1.87907000
2435.00  -1.97352000
2436.00  -1.60542000
2437.00  -1.97624000
2438.00  -1.04345000
2439.00  -1.94857000
2440.00  -1.31130000
2441.00  -1.74238000
2442.00  -1.39026000
2443.00  -1.75983000
2444.00  -1.90294000
2445.00  -1.58742000
2446.00  -1.09041000
2447.00  -1.12898000
2448.00  -1.10526000
2449.00  -1.17273000
2450.00  -1.12643000
2451.00  -1.77830000
2452.00  -1.03941000
2453.00  -1.24156000
2454.00  -1.87907000
2455.00  -1.97352000
2456.00  -1.60542000
2457.00  -1.97624000
2458.00  -1.04345000
2459.00  -1.94857000
2460.00  -1.31130000
2461.00  -1.74238000
2462.00  -1.39026000
2463.00  -1.75983000
2464.00  -1.90294000
2465.00  -1.58742000
2466.00  -1.09041000
2467.00  -1.12898000
2468.00  -1.10526000
2469.00  -1.17273000
2470.00  -1.12643000
2471.00  -1.77830000
2472.00  -1.03941000
2473.00  -1.24156000
2474.00  -1.87907000
2475.00  -1.97352000
2476.00  -1.60542000
2477.00  -1.97624000
2478.00  -1.04345000
2479.00  -1.94857000
2480.00  -1.31130000
2481.00  -1.74238000
2482.00  -1.39026000
2483.00  -1.75983000
2484.00  -1.90294000
2485.00  -1.58742000
2486.00  -1.09041000
2487.00  -1.12898000
2488.00  -1.10526000
2489.00  -1.17273000
2490.00  -1.12643000
2491.00  -1.77830000
2492.00  -1.03941000
2493.00  -1.24156000
2494.00  -1.87907000
2495.00  -1.97352000
2496.00  -1.60542000
2497.00  -1.97624000
2498.00  -1.04345000
2499.00  -1.94857000
2500.00  -1.31130000
2501.00  -1.74238000
2502.00  -1.39026000
2503.00  -1.75983000
2504.00  -1.90294000
2505.00  -1.58742000
2506.00  -1.09041000
2507.00  -1.12898000
2508.00  -1.10526000
2509.00  -1.17273000
2510.00  -1.12643000
2511.00  -1.77830000
2512.00  -1.03941000
2513.00  -1.24156000
2514.00  -1.87907000
2515.00  -1.97352000
2516.00  -1.60542000
2517.00  -1.97624000
2518.00  -1.04345000
2519.00  -1.94857000
2520.00  -1.31130000
2521.00  -1.74238000
2522.00  -1.39026000
2523.00  -1.75983000
2524.00  -1.90294000
2525.00  -1.58742000
2526.00  -1.09041000
2527.00  -1.12898000
2528.00  -1.10526000
2529.00  -1.17273000
2530.00  -1.12643000
2531.00  -1.77830000
2532.00  -1.03941000
2533.00  -1.24156000
2534.00  -1.87907000
2535.00  -1.97352000
2536.00  -1.60542000
2537.00  -1.97624000
2538.00  -1.04345000
2539.00  -1.94857000
2540.00  -1.31130000
2541.00  -1.74238000
2542.00  -1.39026000
2543.00  -1.75983000
2544.00  -1.90294000
2545.00  -1.58742000
2546.00  -1.09041000
2547.00  -1.12898000
2548.00  -1.10526000
2549.00  -1.17273000
2550.00  -1.12643000
2551.00  -1.77830000
2552.00  -1.03941000
2553.00  -1.24156000
2554.00  -1.87907000
2555.00  -1.97352000
2556.00  -1.60542000
2557.00  -1.97624000
2558.00  -1.04345000
2559.00  -1.94857000
2560.00  -1.31130000
2561.00  -1.74238000
2562.00  -1.39026000
2563.00  -1.75983000
2564.00  -1.90294000
2565.00  -1.58742000
2566.00  -1.09041000
2567.00  -1.12898000
2568.00  -1.10526000
2569.00  -1.17273000
2570.00  -1.12643000
2571.00  -1.77830000
2572.00  -1.03941000
2573.00  -1.24156000
2574.00  -1.87907000
2575.00  -1.97352000
2576.00  -1.60542000
2577.00  -1.97624000
2578.00  -1.04345000
2579.00  -1.94857000
2580.00  -1.31130000
2581.00  -1.74238000
2582.00  -1.39026000
2583.00  -1.75983000
2584.00  -1.90294000
2585.00  -1.58742000
2586.00  -1.09041000
2587.00  -1.12898000
2588.00  -1.10526000
2589.00  -1.17273000
2590.00  -1.12643000
2591.00  -1.77830000
2592.00  -1.03941000
2593.00  -1.24156000
2594.00  -1.87907000
2595.00  -1.97352000
2596.00  -1.60542000
2597.00  -1.97624000
2598.00  -1.04345000
2599.00  -1.94857000
2600.00  -1.31130000
2601.00  -1.74238000
2602.00  -1.39026000
2603.00  -1.75983000
2604.00  -1.90294000
2605.00  -1.58742000
2606.00  -1.09041000
2607.00  -1.12898000
2608.00  -1.10526000
2609.00  -1.17273000
2610.00  -1.12643000
2611.00  -1.77830000
2612.00  -1.03941000
2613.00  -1.24156000
2614.00  -1.87907000
2615.00  -1.97352000
2616.00  -1.60542000
2617.00  -1.97624000
2618.00  -1.04345000
2619.00  -1.94857000
2620.00  -1.31130000
2621.00  -1.74238000
2622.00  -1.39026000
2623.00  -1.75983000
2624.00  -1.90294000
2625.00  -1.58742000
2626.00  -1.09041000
2627.00  -1.12898000
2628.00  -1.10526000
2629.00  -1.17273000
2630.00  -1.12643000
2631.00  -1.77830000
2632.00  -1.03941000
2633.00  -1.24156000
2634.00  -1.87907000
2635.00  -1.97352000
2636.00  -1.60542000
2637.00  -1.97624000
2638.00  -1.04345000
2639.00  -1.94857000
2640.00  -1.31130000
2641.00  -1.74238000
2642.00  -1.39026000
2643.00  -1.75983000
2644.00  -1.90294000
2645.00  -1.58742000
2646.00  -1.09041000
2647.00  -1.12898000
2648.00  -1.10526000
2649.00  -1.17273000
2650.00  -1.12643000
2651.00  -1.77830000
2652.00  -1.03941000
2653.00  -1.24156000
2654.00  -1.87907000
2655.00  -1.97352000
2656.00  -1.60542000
2657.00  -1.97624000
2658.00  -1.04345000
2659.00  -1.94857000
2660.00  -1.31130000
2661.00  -1.74238000
2662.00  -1.39026000
2663.00  -1.75983000
2664.00  -1.90294000
2665.00  -1.58742000
2666.00  -1.09041000
2667.00  -1.12898000
2668.00  -1.10526000
2669.00  -1.17273000
2670.00  -1.12643000
2671.00  -1.77830000
2672.00  -1.03941000
2673.00  -1.24156000
2674.00  -1.87907000
2675.00  -1.97352000
2676.00  -1.60542000
2677.00  -1.97624000
2678.00  -1.04345000
2679.00  -1.94857000
2680.00  -1.31130000
2681.00  -1.74238000
2682.00  -1.39026000
2683.00  -1.75983000
2684.00  -1.90294000
2685.00  -1.58742000
2686.00  -1.09041000
2687.00  -1.12898000
2688.00  -1.10526000
2689.00  -1.17273000
2690.00  -1.12643000
2691.00  -1.77830000
2692.00  -1.03941000
2693.00  -1.24156000
2694.00  -1.87907000
2695.00  -1.97352000
2696.00  -1.60542000
2697.00  -1.97624000
2698.00  -1.04345000
2699.00  -1.94857000
2700.00  -1.31130000
2701.00  -1.74238000
2702.00  -1.39026000
2703.00  -1.75983000
2704.00  -1.90294000
2705.00  -1.58742000
2706.00  -1.09041000
2707.00  -1.12898000
2708.00  -1.10526000
2709.00  -1.17273000
2710.00  -1.12643000
2711.00  -1.77830000
2712.00  -1.03941000
2713.00  -1.24156000
2714.00  -1.87907000
2715.00  -1.97352000
2716.00  -1.60542000
2717.00  -1.97624000
2718.00  -1.04345000
2719.00  -1.94857000
2720.00  -1.31130000
2721.00  -1.74238000
2722.00  -1.39026000
2723.00  -1.75983000
2724.00  -1.90294000
2725.00  -1.58742000
2726.00  -1.09041000
2727.00  -1.12898000
2728.00  -1.10526000
2729.00  -1.17273000
2730.00  -1.12643000
2731.00  -1.77830000
2732.00  -1.03941000
2733.00  -1.24156000
2734.00  -1.87907000
2735.00  -1.97352000
2736.00  -1.60542000
2737.00  -1.97624000
2738.00  -1.04345000
2739.00  -1.94857000
2740.00  -1.31130000
2741.00  -1.74238000
2742.00  -1.39026000
2743.00  -1.75983000
2744.00  -1.90294000
2745.00  -1.58742000
2746.00  -1.09041000
2747.00  -1.12898000
2748.00  -1.10526000
2749.00  -1.17273000
2750.00  -1.12643000
2751.00  -1.77830000
2752.00  -1.03941000
2753.00  -1.24156000
2754.00  -1.87907000
2755.00  -1.97352000
2756.00  -1.60542000
2757.00  -1.97624000
2758.00  -1.04345000
2759.00  -1.94857000
2760.00  -1.31130000
2761.00  -1.74238000
2762.00  -1.39026000
2763.00  -1.75983000
2764.00  -1.90294000
2765.00  -1.58742000
2766.00  -1.09041000
2767.00  -1.12898000
2768.00  -1.10526000
2769.00  -1.17273000
2770.00  -1.12643000
2771.00  -1.77830000
2772.00  -1.03941000
2773.00  -1.24156000
2774.00  -1.87907000
2775.00  -1.97352000
2776.00  -1.60542000
2777.00  -1.97624000
2778.00  -1.04345000
2779.00  -1.94857000
2780.00  -1.31130000
2781.00  -1.74238000
2782.00  -1.39026000
2783.00  -1.75983000
2784.00  -1.90294000
2785.00  -1.58742000
2786.00  -1.09041000
2787.00  -1.12898000
2788.00  -1.10526000
2789.00  -1.17273000
2790.00  -1.12643000
2791.00  -1.77830000
2792.00  -1.03941000
2793.00  -1.24156000
2794.00  -1.87907000
2795.00  -1.97352000
2796.00  -1.60542000
2797.00  -1.97624000
2798.00  -1.04345000
2799.00  -1.94857000
2800.00  -1.31130000
2801.00  -1.74238000
2802.00  -1.39026000
2803.00  -1.75983000
2804.00  -1.90294000
2805.00  -1.58742000
2806.00  -1.09041000
2807.00  -1.12898000
2808.00  -1.10526000
2809.00  -1.17273000
2810.00  -1.12643000
2811.00  -1.77830000
2812.00  -1.03941000
2813.00  -1.24156000
2814.00  -1.87907000
2815.00  -1.97352000
2816.00  -1.60542000
2817.00  -1.97624000
2818.00  -1.04345000
2819.00  -1.94857000
2820.00  -1.31130000
2821.00  -1.74238000
2822.00  -1.39026000
2823.00  -1.75983000
2824.00  -1.90294000
2825.00  -1.58742000
2826.00  -1.09041000
2827.00  -1.12898000
2828.00  -1.10526000
2829.00  -1.17273000
2830.00  -1.12643000
2831.00  -1.77830000
2832.00  -1.03941000
2833.00  -1.24156000
2834.00  -1.87907000
2835.00  -1.97352000
2836.00  -1.60542000
2837.00  -1.97624000
2838.00  -1.04345000
2839.00  -1.94857000
2840.00  -1.31130000
2841.00  -1.74238000
2842.00  -1.39026000
2843.00  -1.75983000
2844.00  -1.90294000
2845.00  -1.58742000
2846.00  -1.09041000
2847.00  -1.12898000
2848.00  -1.10526000
2849.00  -1.17273000
2850.00  -1.12643000
2851.00  -1.77830000
2852.00  -1.03941000
2853.00  -1.24156000
2854.00  -1.87907000
2855.00  -1.97352000
2856.00  -1.60542000
2857.00  -1.97624000
2858.00  -1.04345000
2859.00  -1.94857000
2860.00  -1.31130000
2861.00  -1.74238000
2862.00  -1.39026000
2863.00  -1.75983000
2864.00  -1.90294000
2865.00  -1.58742000
2866.00  -1.09041000
2867.00  -1.12898000
2868.00  -1.10526000
2869.00  -1.17273000
2870.00  -1.12643000
2871.00  -1.77830000
2872.00  -1.03941000
2873.00  -1.24156000
2874.00  -1.87907000
2875.00  -1.97352000
2876.00  -1.60542000
2877.00  -1.97624000
2878.00  -1.04345000
2879.00  -1.94857000
2880.00  -1.31130000
2881.00  -1.74238000
2882.00  -1.39026000
2883.00  -1.75983000
2884.00  -1.90294000
2885.00  -1.58742000
2886.00  -1.09041000
2887.00  -1.12898000
2888.00  -1.10526000
2889.00  -1.17273000
2890.00  -1.12643000
2891.00  -1.77830000
2892.00  -1.03941000
2893.00  -1.24156000
2894.00  -1.87907000
2895.00  -1.97352000
2896.00  -1.60542000
2897.00  -1.97624000
2898.00  -1.04345000
2899.00  -1.94857000
2900.00  -1.31130000
2901.00  -1.74238000
2902.00  -1.39026000
2903.00  -1.75983000
2904.00  -1.90294000
2905.00  -1.58742000
2906.00  -1.09041000
2907.00  -1.12898000
2908.00  -1.10526000
2909.00  -1.17273000
2910.00  -1.12643000
2911.00  -1.77830000
2912.00  -1.03941000
2913.00  -1.24156000
2914.00  -1.87907000
2915.00  -1.97352000
2916.00  -1.60542000
2917.00  -1.97624000
2918.00  -1.04345000
2919.00  -1.94857000
2920.00  -1.31130000
2921.00  -1.74238000
2922.00  -1.39026000
2923.00  -1.75983000
2924.00  -1.90294000
2925.00  -1.58742000
2926.00  -1.09041000
2927.00  -1.12898000
2928.00  -1.10526000
2929.00  -1.17273000
2930.00  -1.12643000
2931.00  -1.77830000
2932.00  -1.03941000
2933.00  -1.24156000
2934.00  -1.87907000
2935.00  -1.97352000
2936.00  -1.60542000
2937.00  -1.97624000
2938.00  -1.04345000
2939.00  -1.94857000
2940.00  -1.31130000
2941.00  -1.74238000
2942.00  -1.39026000
2943.00  -1.75983000
2944.00  -1.90294000
2945.00  -1.58742000
2946.00  -1.09041000
2947.00  -1.12898000
2948.00  -1.10526000
2949.00  -1.17273000
2950.00  -1.12643000
2951.00  -1.77830000
2952.00  -1.03941000
2953.00  -1.24156000
2954.00  -1.87907000
2955.00  -1.97352000
2956.00  -1.60542000
2957.00  -1.97624000
2958.00  -1.04345000
2959.00  -1.94857000
2960.00  -1.31130000
2961.00  -1.74238000
2962.00  -1.39026000
2963.00  -1.75983000
2964.00  -1.90294000
2965.00  -1.58742000
2966.00  -1.09041000
2967.00  -1.12898000
2968.00  -1.10526000
2969.00  -1.17273000
2970.00  -1.12643000
2971.00  -1.77830000
2972.00  -1.03941000
2973.00  -1.24156000
2974.00  -1.87907000
2975.00  -1.97352000
2976.00  -1.60542000
2977.00  -1.97624000
2978.00  -1.04345000
2979.00  -1.94857000
2980.00  -1.31130000
2981.00  -1.74238000
2982.00  -1.39026000
2983.00  -1.75983000
2984.00  -1.90294000
2985.00  -1.58742000
2986.00  -1.09041000
2987.00  -1.12898000
2988.00  -1.10526000
2989.00  -1.17273000
2990.00  -1.12643000
2991.00  -1.77830000
2992.00  -1.03941000
2993.00  -1.24156000
2994.00  -1.87907000
2995.00  -1.97352000
2996.00  -1.60542000
2997.00  -1.97624000
2998.00  -1.04345000
2999.00  -1.94857000
3000.00  -1.31130000
3001.00  -1.74238000
3002.00  -1.39026000
3003.00  -1.75983000
3004.00  -1.90294000
3005.00  -1.58742000
3006.00  -1.09041000
3007.00  -1.12898000
3008.00  -1.10526000
3009.00  -1.17273000
3010.00  -1.12643000
3011.00  -1.77830000
3012.00  -1.03941000
3013.00  -1.24156000
3014.00  -1.87907000
3015.00  -1.97352000
3016.00  -1.60542000
3017.00  -1.97624000
3018.00  -1.04345000
3019.00  -1.94857000
3020.00  -1.31130000
3021.00  -1.74238000
3022.00  -1.39026000
3023.00  -1.75983000
3024.00  -1.90294000
3025.00  -1.58742000
3026.00  -1.09041000
3027.00  -1.12898000
3028.00  -1.10526000
3029.00  -1.17273000
3030.00  -1.12643000
3031.00  -1.77830000
3032.00  -1.03941000
3033.00  -1.24156000
3034.00  -1.87907000
3035.00  -1.97352000
3036.00  -1.60542000
3037.00  -1.97624000
3038.00  -1.04345000
3039.00  -1.94857000
3040.00  -1.31130000
3041.00  -1.74238000
3042.00  -1.39026000
3043.00  -1.75983000
3044.00  -1.90294000
3045.00  -1.58742000
3046.00  -1.09041000
3047.00  -1.12898000
3048.00  -1.10526000
3049.00  -1.17273000
3050.00  -1.12643000
3051.00  -1.77830000
3052.00  -1.03941000
3053.00  -1.24156000
3054.00  -1.87907000
3055.00  -1.97352000
3056.00  -1.60542000
3057.00  -1.97624000
3058.00  -1.04345000
3059.00  -1.94857000
3060.00  -1.31130000
3061.00  -1.74238000
3062.00  -1.39026000
3063.00  -1.75983000
3064.00  -1.90294000
3065.00  -1.58742000
3066.00  -1.09041000
3067.00  -1.12898000
3068.00  -1.10526000
3069.00  -1.17273000
3070.00  -1.12643000
3071.00  -1.77830000
3072.00  -1.03941000
3073.00  -1.24156000
3074.00  -1.87907000
3075.00  -1.97352000
3076.00  -1.60542000
3077.00  -1.97624000
3078.00  -1.04345000
3079.00  -1.94857000
3080.00  -1.31130000
3081.00  -1.74238000
3082.00  -1.39026000
3083.00  -1.75983000
3084.00  -1.90294000
3085.00  -1.58742000
3086.00  -1.09041000
3087.00  -1.12898000
3088.00  -1.10526000
3089.00  -1.17273000
3090.00  -1.12643000
3091.00  -1.77830000
3092.00  -1.03941000
3093.00  -1.24156000
3094.00  -1.87907000
3095.00  -1.97352000
3096.00  -1.60542000
3097.00  -1.97624000
3098.00  -1.04345000
3099.00  -1.94857000
3100.00  -1.31130000
3101.00  -1.74238000
3102.00  -1.39026000
3103.00  -1.75983000
3104.00  -1.90294000
3105.00  -1.58742000
3106.00  -1.09041000
3107.00  -1.12898000
3108.00  -1.10526000
3109.00  -1.17273000
3110.00  -1.12643000
3111.00  -1.77830000
3112.00  -1.03941000
3113.00  -1.24156000
3114.00  -1.87907000
3115.00  -1.97352000
3116.00  -1.60542000
3117.00  -1.97624000
3118.00  -1.04345000
3119.00  -1.94857000
3120.00  -1.31130000
3121.00  -1.74238000
3122.00  -1.39026000
3123.00  -1.75983000
3124.00  -1.90294000
3125.00  -1.58742000
3126.00  -1.09041000
3127.00  -1.12898000
3128.00  -1.10526000
3129.00  -1.17273000
3130.00  -1.12643000
3131.00  -1.77830000
3132.00  -1.03941000
3133.00  -1.24156000
3134.00  -1.87907000
3135.00  -1.97352000
3136.00  -1.60542000
3137.00  -1.97624000
3138.00  -1.04345000
3139.00  -1.94857000
3140.00  -1.31130000
3141.00  -1.74238000
3142.00  -1.39026000
3143.00  -1.75983000
3144.00  -1.90294000
3145.00  -1.58742000
3146.00  -1.09041000
3147.00  -1.12898000
3148.00  -1.10526000
3149.00  -1.17273000
3150.00  -1.12643000
3151.00  -1.77830000
3152.00  -1.03941000
3153.00  -1.24156000
3154.00  -1.87907000
3155.00  -1.97352000
3156.00  -1.60542000
3157.00  -1.97624000
3158.00  -1.04345000
3159.00  -1.94857000
3160.00  -1.31130000
3161.00  -1.74238000
3162.00  -1.39026000
3163.00  -1.75983000
3164.00  -1.90294000
3165.00  -1.58742000
3166.00  -1.09041000
3167.00  -1.12898000
3168.00  -1.10526000
3169.00  -1.17273000
3170.00  -1.12643000
3171.00  -1.77830000
3172.00  -1.03941000
3173.00  -1.24156000
3174.00  -1.87907000
3175.00  -1.97352000
3176.00  -1.60542000
3177.00  -1.97624000
3178.00  -1.04345000
3179.00  -1.94857000
3180.00  -1.31130000
3181.00  -1.74238000
3182.00  -1.39026000
3183.00  -1.75983000
3184.00  -1.90294000
3185.00  -1.58742000
3186.00  -1.09041000
3187.00  -1.12898000
3188.00  -1.10526000
3189.00  -1.17273000
3190.00  -1.12643000
3191.00  -1.77830000
3192.00  -1.03941000
3193.00  -1.24156000
3194.00  -1.87907000
3195.00  -1.97352000
3196.00  -1.60542000
3197.00  -1.97624000
3198.00  -1.04345000
3199.00  -1.94857000
3200.00  -1.31130000
3201.00  -1.74238000
3202.00  -1.39026000
3203.00  -1.75983000
3204.00  -1.90294000
3205.00  -1.58742000
3206.00  -1.09041000
3207.00  -1.12898000
3208.00  -1.10526000
3209.00  -1.17273000
3210.00  -1.12643000
3211.00  -1.77830000
3212.00  -1.03941000
3213.00  -1.24156000
3214.00  -1.87907000
3215.00  -1.97352000
3216.00  -1.60542000
3217.00  -1.97624000
3218.00  -1.04345000
3219.00  -1.94857000
3220.00  -1.31130000
3221.00  -1.74238000
3222.00  -1.39026000
3223.00  -1.75983000
3224.00  -1.90294000
3225.00  -1.58742000
3226.00  -1.09041000
3227.00  -1.12898000
3228.00  -1.10526000
3229.00  -1.17273000
3230.00  -1.12643000
3231.00  -1.77830000
3232.00  -1.03941000
3233.00  -1.24156000
3234.00  -1.87907000
3235.00  -1.97352000
3236.00  -1.60542000
3237.00  -1.97624000
3238.00  -1.04345000
3239.00  -1.94857000
3240.00  -1.31130000
3241.00  -1.74238000
3242.00  -1.39026000
3243.00  -1.75983000
3244.00  -1.90294000
3245.00  -1.58742000
3246.00  -1.09041000
3247.00  -1.12898000
3248.00  -1.10526000
3249.00  -1.17273000
3250.00  -1.12643000
3251.00  -1.77830000
3252.00  -1.03941000
3253.00  -1.24156000
3254.00  -1.87907000
3255.00  -1.97352000
3256.00  -1.60542000
3257.00  -1.97624000
3258.00  -1.04345000
3259.00  -1.94857000
3260.00  -1.31130000
3261.00  -1.74238000
3262.00  -1.39026000
3263.00  -1.75983000
3264.00  -1.90294000
3265.00  -1.58742000
3266.00  -1.09041000
3267.00  -1.12898000
3268.00  -1.10526000
3269.00  -1.17273000
3270.00  -1.12643000
3271.00  -1.77830000
3272.00  -1.03941000
3273.00  -1.24156000
3274.00  -1.87907000
3275.00  -1.97352000
3276.00  -1.60542000
3277.00  -1.97624000
3278.00  -1.04345000
3279.00  -1.94857000
3280.00  -1.31130000
3281.00  -1.74238000
3282.00  -1.39026000
3283.00  -1.75983000
3284.00  -1.90294000
3285.00  -1.58742000
3286.00  -1.09041000
3287.00  -1.12898000
3288.00  -1.10526000
3289.00  -1.17273000
3290.00  -1.12643000
3291.00  -1.77830000
3292.00  -1.03941000
3293.00  -1.24156000
3294.00  -1.87907000
3295.00  -1.97352000
3296.00  -1.60542000
3297.00  -1.97624000
3298.00  -1.04345000
3299.00  -1.94857000
3300.00  -1.31130000
3301.00  -1.74238000
3302.00  -1.39026000
3303.00  -1.75983000
3304.00  -1.90294000
3305.00  -1.58742000
3306.00  -1.09041000
3307.00  -1.12898000
3308.00  -1.10526000
3309.00  -1.17273000
3310.00  -1.12643000
3311.00  -1.77830000
3312.00  -1.03941000
3313.00  -1.24156000
3314.00  -1.87907000
3315.00  -1.97352000
3316.00  -1.60542000
3317.00  -1.97624000
3318.00  -1.04345000
3319.00  -1.94857000
3320.00  -1.31130000
3321.00  -1.74238000
3322.00  -1.39026000
3323.00  -1.75983000
3324.00  -1.90294000
3325.00  -1.58742000
3326.00  -1.09041000
3327.00  -1.12898000
3328.00  -1.10526000
3329.00  -1.17273000
3330.00  -1.12643000
3331.00  -1.77830000
3332.00  -1.03941000
3333.00  -1.24156000
3334.00  -1.87907000
3335.00  -1.97352000
3336.00  -1.60542000
3337.00  -1.97624000
3338.00  -1.04345000
3339.00  -1.94857000
3340.00  -1.31130000
3341.00  -1.74238000
3342.00  -1.39026000
3343.00  -1.75983000
3344.00  -1.90294000
3345.00  -1.58742000
3346.00  -1.09041000
3347.00  -1.12898000
3348.00  -1.10526000
3349.00  -1.17273000
3350.00  -1.12643000
3351.00  -1.77830000
3352.00  -1.03941000
3353.00  -1.24156000
3354.00  -1.87907000
3355.00  -1.97352000
3356.00  -1.60542000
3357.00  -1.97624000
3358.00  -1.04345000
3359.00  -1.94857000
3360.00  -1.31130000
3361.00  -1.74238000
3362.00  -1.39026000
3363.00  -1.75983000
3364.00  -1.90294000
3365.00  -1.58742000
3366.00  -1.09041000
3367.00  -1.12898000
3368.00  -1.10526000
3369.00  -1.17273000
3370.00  -1.12643000
3371.00  -1.77830000
3372.00  -1.03941000
3373.00  -1.24156000
3374.00  -1.87907000
3375.00  -1.97352000
3376.00  -1.60542000
3377.00  -1.97624000
3378.00  -1.04345000
3379.00  -1.94857000
3380.00  -1.31130000
3381.00  -1.74238000
3382.00  -1.39026000
3383.00  -1.75983000
3384.00  -1.90294000
3385.00  -1.58742000
3386.00  -1.09041000
3387.00  -1.12898000
3388.00  -1.10526000
3389.00  -1.17273000
3390.00  -1.12643000
3391.00  -1.77830000
3392.00  -1.03941000
3393.00  -1.24156000
3394.00  -1.87907000
3395.00  -1.97352000
3396.00  -1.60542000
3397.00  -1.97624000
3398.00  -1.04345000
3399.00  -1.94857000
3400.00  -1.31130000
3401.00  -1.74238000
3402.00  -1.39026000
3403.00  -1.75983000
3404.00  -1.90294000
3405.00  -1.58742000
3406.00  -1.09041000
3407.00  -1.12898000
3408.00  -1.10526000
3409.00  -1.17273000
3410.00  -1.12643000
3411.00  -1.77830000
3412.00  -1.03941000
3413.00  -1.24156000
3414.00  -1.87907000
3415.00  -1.97352000
3416.00  -1.60542000
3417.00  -1.97624000
3418.00  -1.04345000
3419.00  -1.94857000
3420.00  -1.31130000
3421.00  -1.74238000
3422.00  -1.39026000
3423.00  -1.75983000
3424.00  -1.90294000
3425.00  -1.58742000
3426.00  -1.09041000
3427.00  -1.12898000
3428.00  -1.10526000
3429.00  -1.17273000
3430.00  -1.12643000
3431.00  -1.77830000
3432.00  -1.03941000
3433.00  -1.24156000
3434.00  -1.87907000
3435.00  -1.97352000
3436.00  -1.60542000
3437.00  -1.97624000
3438.00  -1.04345000
3439.00  -1.94857000
3440.00  -1.31130000
3441.00  -1.74238000
3442.00  -1.39026000
3443.00  -1.75983000
3444.00  -1.90294000
3445.00  -1.58742000
3446.00  -1.09041000
3447.00  -1.12898000
3448.00  -1.10526000
3449.00  -1.17273000
3450.00  -1.12643000
3451.00  -1.77830000
3452.00  -1.03941000
3453.00  -1.24156000
3454.00  -1.87907000
3455.00  -1.97352000
3456.00  -1.60542000
3457.00  -1.97624000
3458.00  -1.04345000
3459.00  -1.94857000
3460.00  -1.31130000
3461.00  -1.74238000
3462.00  -1.39026000
3463.00  -1.75983000
3464.00  -1.90294000
3465.00  -1.58742000
3466.00  -1.09041000
3467.00  -1.12898000
3468.00  -1.10526000
3469.00  -1.17273000
3470.00  -1.12643000
3471.00  -1.77830000
3472.00  -1.03941000
3473.00  -1.24156000
3474.00  -1.87907000
3475.00  -1.97352000
3476.00  -1.60542000
3477.00  -1.97624000
3478.00  -1.04345000
3479.00  -1.94857000
3480.00  -1.31130000
3481.00  -1.74238000
3482.00  -1.39026000
3483.00  -1.75983000
3484.00  -1.90294000
3485.00  -1.58742000
3486.00  -1.09041000
3487.00  -1.12898000
3488.00  -1.10526000
3489.00  -1.17273000
3490.00  -1.12643000
3491.00  -1.77830000
3492.00  -1.03941000
3493.00  -1.24156000
3494.00  -1.87907000
3495.00  -1.97352000
3496.00  -1.60542000
3497.00  -1.97624000
3498.00  -1.04345000
3499.00  -1.94857000
3500.00  -1.31130000
3501.00  -1.74238000
3502.00  -1.39026000
3503.00  -1.75983000
3504.00  -1.90294000
3505.00  -1.58742000
3506.00  -1.09041000
3507.00  -1.12898000
3508.00  -1.10526000
3509.00  -1.17273000
3510.00  -1.12643000
3511.00  -1.77830000
3512.00  -1.03941000
3513.00  -1.24156000
3514.00  -1.87907000
3515.00  -1.97352000
3516.00  -1.60542000
3517.00  -1.97624000
3518.00  -1.04345000
3519.00  -1.94857000
3520.00  -1.31130000
3521.00  -1.74238000
3522.00  -1.39026000
3523.00  -1.75983000
3524.00  -1.90294000
3525.00  -1.58742000
3526.00  -1.09041000
3527.00  -1.12898000
3528.00  -1.10526000
3529.00  -1.17273000
3530.00  -1.12643000
3531.00  -1.77830000
3532.00  -1.03941000
3533.00  -1.24156000
3534.00  -1.87907000
3535.00  -1.97352000
3536.00  -1.60542000
3537.00  -1.97624000
3538.00  -1.04345000
3539.00  -1.94857000
3540.00  -1.31130000
3541.00  -1.74238000
3542.00  -1.39026000
3543.00  -1.75983000
3544.00  -1.90294000
3545.00  -1.58742000
3546.00  -1.09041000
3547.00  -1.12898000
3548.00  -1.10526000
3549.00  -1.17273000
3550.00  -1.12643000
3551.00  -1.77830000
3552.00  -1.03941000
3553.00  -1.24156000
3554.00  -1.87907000
3555.00  -1.97352000
3556.00  -1.60542000
3557.00  -1.97624000
3558.00  -1.04345000
3559.00  -1.94857000
3560.00  -1.31130000
3561.00  -1.74238000
3562.00  -1.39026000
3563.00  -1.75983000
3564.00  -1.90294000
3565.00  -1.58742000
3566.00  -1.09041000
3567.00  -1.12898000
3568.00  -1.10526000
3569.00  -1.17273000
3570.00  -1.12643000
3571.00  -1.77830000
3572.00  -1.03941000
3573.00  -1.24156000
3574.00  -1.87907000
3575.00  -1.97352000
3576.00  -1.60542000
3577.00  -1.97624000
3578.00  -1.04345000
3579.00  -1.94857000
3580.00  -1.31130000
3581.00  -1.74238000
3582.00  -1.39026000
3583.00  -1.75983000
3584.00  -1.90294000
3585.00  -1.58742000
3586.00  -1.09041000
3587.00  -1.12898000
3588.00  -1.10526000
3589.00  -1.17273000
3590.00  -1.12643000
3591.00  -1.77830000
3592.00  -1.03941000
3593.00  -1.24156000
3594.00  -1.87907000
3595.00  -1.97352000
3596.00  -1.60542000
3597.00  -1.97624000
3598.00  -1.04345000
3599.00  -1.94857000
3600.00  -1.31130000
3601.00  -1.74238000
3602.00  -1.39026000
3603.00  -1.75983000
3604.00  -1.90294000
3605.00  -1.58742000
3606.00  -1.09041000
3607.00  -1.12898000
3608.00  -1.10526000
3609.00  -1.17273000
3610.00  -1.12643000
3611.00  -1.77830000
3612.00  -1.03941000
3613.00  -1.24156000
3614.00  -1.87907000
3615.00  -1.97352000
3616.00  -1.60542000
3617.00  -1.97624000
3618.00  -1.04345000
3619.00  -1.94857000
3620.00  -1.31130000
3621.00  -1.74238000
3622.00  -1.39026000
3623.00  -1.75983000
3624.00  -1.90294000
3625.00  -1.58742000
3626.00  -1.09041000
3627.00  -1.12898000
3628.00  -1.10526000
3629.00  -1.17273000
3630.00  -1.12643000
3631.00  -1.77830000
3632.00  -1.03941000
3633.00  -1.24156000
3634.00  -1.87907000
3635.00  -1.97352000
3636.00  -1.60542000
3637.00  -1.97624000
3638.00  -1.04345000
3639.00  -1.94857000
3640.00  -1.31130000
3641.00  -1.74238000
3642.00  -1.39026000
3643.00  -1.75983000
3644.00  -1.90294000
3645.00  -1.58742000
3646.00  -1.09041000
3647.00  -1.12898000
3648.00  -1.10526000
3649.00  -1.17273000
3650.00  -1.12643000
3651.00  -1.77830000
3652.00  -1.03941000
3653.00  -1.24156000
3654.00  -1.87907000
3655.00  -1.97352000
3656.00  -1.60542000
3657.00  -1.97624000
3658.00  -1.04345000
3659.00  -1.94857000
3660.00  -1.31130000
3661.00  -1.74238000
3662.00  -1.39026000
3663.00  -1.75983000
3664.00  -1.90294000
3665.00  -1.58742000
3666.00  -1.09041000
3667.00  -1.12898000
3668.00  -1.10526000
3669.00  -1.17273000
3670.00  -1.12643000
3671.00  -1.77830000
3672.00  -1.03941000
3673.00  -1.24156000
3674.00  -1.87907000
3675.00  -1.97352000
3676.00  -1.60542000
3677.00  -1.97624000
3678.00  -1.04345000
3679.00  -1.94857000
3680.00  -1.31130000
3681.00  -1.74238000
3682.00  -1.39026000
3683.00  -1.75983000
3684.00  -1.90294000
3685.00  -1.58742000
3686.00  -1.09041000
3687.00  -1.12898000
3688.00  -1.10526000
3689.00  -1.17273000
3690.00  -1.12643000
3691.00  -1.77830000
3692.00  -1.03941000
3693.00  -1.24156000
3694.00  -1.87907000
3695.00  -1.97352000
3696.00  -1.60542000
3697.00  -1.97624000
3698.00  -1.04345000
3699.00  -1.94857000
3700.00  -1.31130000
3701.00  -1.74238000
3702.00  -1.39026000
3703.00  -1.75983000
3704.00  -1.90294000
3705.00  -1.58742000
3706.00  -1.09041000
3707.00  -1.12898000
3708.00  -1.10526000
3709.00  -1.17273000
3710.00  -1.12643000
3711.00  -1.77830000
3712.00  -1.03941000
3713.00  -1.24156000
3714.00  -1.87907000
3715.00  -1.97352000
3716.00  -1.60542000
3717.00  -1.97624000
3718.00  -1.04345000
3719.00  -1.94857000
3720.00  -1.31130000
3721.00  -1.74238000
3722.00  -1.39026000
3723.00  -1.75983000
3724.00  -1.90294000
3725.00  -1.58742000
3726.00  -1.09041000
3727.00  -1.12898000
3728.00  -1.10526000
3729.00  -1.17273000
3730.00  -1.12643000
3731.00  -1.77830000
3732.00  -1.03941000
3733.00  -1.24156000
3734.00  -1.87907000
3735.00  -1.97352000
3736.00  -1.60542000
3737.00  -1.97624000
3738.00  -1.04345000
3739.00  -1.94857000
3740.00  -1.31130000
3741.00  -1.74238000
3742.00  -1.39026000
3743.00  -1.75983000
3744.00  -1.90294000
3745.00  -1.58742000
3746.00  -1.09041000
3747.00  -1.12898000
3748.00  -1.10526000
3749.00  -1.17273000
3750.00  -1.12643000
3751.00  -1.77830000
3752.00  -1.03941000
3753.00  -1.24156000
3754.00  -1.87907000
3755.00  -1.97352000
3756.00  -1.60542000
3757.00  -1.97624000
3758.00  -1.04345000
3759.00  -1.94857000
3760.00  -1.31130000
3761.00  -1.74238000
3762.00  -1.39026000
3763.00  -1.75983000
3764.00  -1.90294000
3765.00  -1.58742000
3766.00  -1.09041000
3767.00  -1.12898000
3768.00  -1.10526000
3769.00  -1.17273000
3770.00  -1.12643000
3771.00  -1.77830000
3772.00  -1.03941000
3773.00  -1.24156000
3774.00  -1.87907000
3775.00  -1.97352000
3776.00  -1.60542000
3777.00  -1.97624000
3778.00  -1.04345000
3779.00  -1.94857000
3780.00  -1.31130000
3781.00  -1.74238000
3782.00  -1.39026000
3783.00  -1.75983000
3784.00  -1.90294000
3785.00  -1.58742000
3786.00  -1.09041000
3787.00  -1.12898000
3788.00  -1.10526000
3789.00  -1.17273000
3790.00  -1.12643000
3791.00  -1.77830000
3792.00  -1.03941000
3793.00  -1.24156000
3794.00  -1.87907000
3795.00  -1.97352000
3796.00  -1.60542000
3797.00  -1.97624000
3798.00  -1.04345000
3799.00  -1.94857000
3800.00  -1.31130000
3801.00  -1.74238000
3802.00  -1.39026000
3803.00  -1.75983000
3804.00  -1.90294000
3805.00  -1.58742000
3806.00  -1.09041000
3807.00  -1.12898000
3808.00  -1.10526000
3809.00  -1.17273000
3810.00  -1.12643000
3811.00  -1.77830000
3812.00  -1.03941000
3813.00  -1.24156000
3814.00  -1.87907000
3815.00  -1.97352000
3816.00  -1.60542000
3817.00  -1.97624000
3818.00  -1.04345000
3819.00  -1.94857000
3820.00  -1.31130000
3821.00  -1.74238000
3822.00  -1.39026000
3823.00  -1.75983000
3824.00  -1.90294000
3825.00  -1.58742000
3826.00  -1.09041000
3827.00  -1.12898000
3828.00  -1.10526000
3829.00  -1.17273000
3830.00  -1.12643000
3831.00  -1.77830000
3832.00  -1.03941000
3833.00  -1.24156000
3834.00  -1.87907000
3835.00  -1.97352000
3836.00  -1.60542000
3837.00  -1.97624000
3838.00  -1.04345000
3839.00  -1.94857000
3840.00  -1.31130000
3841.00  -1.74238000
3842.00  -1.39026000
3843.00  -1.75983000
3844.00  -1.90294000
3845.00  -1.58742000
3846.00  -1.09041000
3847.00  -1.12898000
3848.00  -1.10526000
3849.00  -1.17273000
3850.00  -1.12643000
3851.00  -1.77830000
3852.00  -1.03941000
3853.00  -1.24156000
3854.00  -1.87907000
3855.00  -1.97352000
3856.00  -1.60542000
3857.00  -1.97624000
3858.00  -1.04345000
3859.00  -1.94857000
3860.00  -1.31130000
3861.00  -1.74238000
3862.00  -1.39026000
3863.00  -1.75983000
3864.00  -1.90294000
3865.00  -1.58742000
3866.00  -1.09041000
3867.00  -1.12898000
3868.00  -1.10526000
3869.00  -1.17273000
3870.00  -1.12643000
3871.00  -1.77830000
3872.00  -1.03941000
3873.00  -1.24156000
3874.00  -1.87907000
3875.00  -1.97352000
3876.00  -1.60542000
3877.00  -1.97624000
3878.00  -1.04345000
3879.00  -1.94857000
3880.00  -1.31130000
3881.00  -1.74238000
3882.00  -1.39026000
3883.00  -1.75983000
3884.00  -1.90294000
3885.00  -1.58742000
3886.00  -1.09041000
3887.00  -1.12898000
3888.00  -1.10526000
3889.00  -1.17273000
3890.00  -1.12643000
3891.00  -1.77830000
3892.00  -1.03941000
3893.00  -1.24156000
3894.00  -1.87907000
3895.00  -1.97352000
3896.00  -1.60542000
3897.00  -1.97624000
3898.00  -1.04345000
3899.00  -1.94857000
3900.00  -1.31130000
3901.00  -1.74238000
3902.00  -1.39026000
3903.00  -1.75983000
3904.00  -1.90294000
3905.00  -1.58742000
3906.00  -1.09041000
3907.00  -1.12898000
3908.00  -1.10526000
3909.00  -1.17273000
3910.00  -1.12643000
3911.00  -1.77830000
3912.00  -1.03941000
3913.00  -1.24156000
3914.00  -1.87907000
3915.00  -1.97352000
3916.00  -1.60542000
3917.00  -1.97624000
3918.00  -1.04345000
3919.00  -1.94857000
3920.00  -1.31130000
3921.00  -1.74238000
3922.00  -1.39026000
3923.00  -1.75983000
3924.00  -1.90294000
3925.00  -1.58742000
3926.00  -1.09041000
3927.00  -1.12898000
3928.00  -1.10526000
3929.00  -1.17273000
3930.00  -1.12643000
3931.00  -1.77830000
3932.00  -1.03941000
3933.00  -1.24156000
3934.00  -1.87907000
3935.00  -1.97352000
3936.00  -1.60542000
3937.00  -1.97624000
3938.00  -1.04345000
3939.00  -1.94857000
3940.00  -1.31130000
3941.00  -1.74238000
3942.00  -1.39026000
3943.00  -1.75983000
3944.00  -1.90294000
3945.00  -1.58742000
3946.00  -1.09041000
3947.00  -1.12898000
3948.00  -1.10526000
3949.00  -1.17273000
3950.00  -1.12643000
3951.00  -1.77830000
3952.00  -1.03941000
3953.00  -1.24156000
3954.00  -1.87907000
3955.00  -1.97352000
3956.00  -1.60542000
3957.00  -1.97624000
3958.00  -1.04345000
3959.00  -1.94857000
3960.00  -1.31130000
3961.00  -1.74238000
3962.00  -1.39026000
3963.00  -1.75983000
3964.00  -1.90294000
3965.00  -1.58742000
3966.00  -1.09041000
3967.00  -1.12898000
3968.00  -1.10526000
3969.00  -1.17273000
3970.00  -1.12643000
3971.00  -1.77830000
3972.00  -1.03941000
3973.00  -1.24156000
3974.00  -1.87907000
3975.00  -1.97352000
3976.00  -1.60542000
3977.00  -1.97624000
3978.00  -1.04345000
3979.00  -1.94857000
3980.00  -1.31130000
3981.00  -1.74238000
3982.00  -1.39026000
3983.00  -1.75983000
3984.00  -1.90294000
3985.00  -1.58742000
3986.00  -1.09041000
3987.00  -1.12898000
3988.00  -1.10526000
3989.00  -1.17273000
3990.00  -1.12643000
3991.00  -1.77830000
3992.00  -1.03941000
3993.00  -1.24156000
3994.00  -1.87907000
3995.00  -1.97352000
3996.00  -1.60542000
3997.00  -1.97624000
3998.00  -1.04345000
3999.00  -1.94857000
4000.00  -1.31130000
