Min Mean Max  ind_2[i, k]
-3.806400 -3.010268 25.469358 
 Index  ind_2[i, k]
  1.00  -2.80473781
  2.00  -3.09023847
  3.00  -3.08419749
  4.00  -3.51606759
  5.00  -2.83840043
  6.00  -2.73814055
  7.00  -2.49700876
  8.00  -2.39976181
  9.00  -3.08410246
 10.00  -3.06549085
 11.00  -3.38459289
 12.00  -2.24747487
 13.00  -3.15819697
 14.00  -3.62184845
 15.00  -3.72402053
 16.00  -2.81686173
 17.00  -3.76777129
 18.00  -2.26741919
 19.00  -3.56637972
 20.00  -2.98086509
 21.00  -2.80787292
 22.00  -3.10414320
 23.00  -3.06350566
 24.00  -3.47146050
 25.00  -2.76090007
 26.00  -2.72191120
 27.00  -2.47488757
 28.00  -2.39494520
 29.00  -3.08254051
 30.00  -3.03745178
 31.00  -3.38676930
 32.00  -2.25386590
 33.00  -3.17047370
 34.00  -3.62947992
 35.00  -3.70947407
 36.00  -2.80440541
 37.00  -3.80635785
 38.00  -2.28077105
 39.00  -3.58007874
 40.00  -3.02202280
 41.00  -2.79444624
 42.00  -3.07919316
 43.00  -3.04837778
 44.00  -3.52833926
 45.00  -2.84551933
 46.00  -2.72688404
 47.00  -2.48476346
 48.00  -2.37869584
 49.00  -3.06272407
 50.00  -3.03419517
 51.00  -3.39108141
 52.00  -2.23968664
 53.00  -3.17169958
 54.00  -3.61716864
 55.00  -3.72418800
 56.00  -2.80892576
 57.00  -3.80607018
 58.00  -2.20547628
 59.00  -3.58005924
 60.00  -2.96083414
 61.00  -2.80883247
 62.00  -3.10379271
 63.00  -3.07148446
 64.00  -3.52735662
 65.00  -2.83665574
 66.00  -2.73989791
 67.00  -2.48953989
 68.00  -2.38049453
 69.00  -3.07456096
 70.00  -3.06515442
 71.00  -3.34278024
 72.00  -2.25364798
 73.00  -3.09995996
 74.00  -3.62951998
 75.00  -3.71186023
 76.00  -2.80794698
 77.00  -3.73586639
 78.00  -2.20585989
 79.00  -3.55347840
 80.00  -3.00965320
 81.00  -2.77378224
 82.00  -3.10417915
 83.00  -3.07440795
 84.00  -3.52393252
 85.00  -2.80068857
 86.00  -2.70883907
 87.00  -2.49906488
 88.00  -2.39861887
 89.00  -3.06748923
 90.00  -3.03891198
 91.00  -3.38695890
 92.00  -2.24780312
 93.00  -3.16871080
 94.00  -3.62826753
 95.00  -3.72424549
 96.00  -2.81639700
 97.00  -3.79445245
 98.00  -2.27844231
 99.00  -3.55979593
100.00  -3.00772220
101.00  -2.78798655
102.00  -3.08652957
103.00  -3.03445376
104.00  -3.44929522
105.00  -2.84287842
106.00  -2.72579494
107.00  -2.49995226
108.00  -2.39881854
109.00  -3.06850060
110.00  -3.02747070
111.00  -3.32141167
112.00  -2.22757266
113.00  -3.15737392
114.00  -3.62951869
115.00  -3.70641423
116.00  -2.81609865
117.00  -3.78832248
118.00  -2.24793986
119.00  -3.57634603
120.00  -3.01465455
121.00  -2.80823253
122.00  -3.08454403
123.00  -3.08748204
124.00  -3.39481283
125.00  -2.84451503
126.00  -2.74010777
127.00  -2.48198608
128.00  -2.39672521
129.00  -3.08379879
130.00  -3.06332399
131.00  -3.24718265
132.00  -2.25376970
133.00  -3.18030370
134.00  -3.55236867
135.00  -3.70121498
136.00  -2.72576452
137.00  -3.80479811
138.00  -2.27852255
139.00  -3.55016542
140.00  -3.02202890
141.00  -2.80891408
142.00  -3.09497328
143.00  -3.08993600
144.00  -3.52326223
145.00  -2.82799562
146.00  -2.73764144
147.00  -2.49873511
148.00  -2.38010815
149.00  -3.04654977
150.00  -3.05813589
151.00  -3.39124373
152.00  -2.24261698
153.00  -3.05178765
154.00  -3.54031387
155.00  -3.69396269
156.00  -2.81274491
157.00  -3.78235583
158.00  -2.26423672
159.00  -3.57840907
160.00  -3.02173855
161.00  -2.80687298
162.00  -3.09716723
163.00  -3.07670644
164.00  -3.50136738
165.00  -2.84416296
166.00  -2.72830707
167.00  -2.49797869
168.00  -2.39542188
169.00  -3.07312975
170.00  -3.06672145
171.00  -3.39084325
172.00  -2.25132287
173.00  -3.16035089
174.00  -3.58661546
175.00  -3.71686152
176.00  -2.77143834
177.00  -3.80076826
178.00  -2.27383487
179.00  -3.57901342
180.00  -3.00126093
181.00  -2.72370282
182.00  -3.09932144
183.00  -3.03945105
184.00  -3.49916195
185.00  -2.83648699
186.00  -2.71244137
187.00  -2.49997088
188.00  -2.38889020
189.00  -3.05854288
190.00  -3.06568596
191.00  -3.36518554
192.00  -2.24877908
193.00  -3.15191911
194.00  -3.62365529
195.00  -3.71955981
196.00  -2.64884451
197.00  -3.80576238
198.00  -2.24020977
199.00  -3.56126660
200.00  -2.98409725
201.00  -2.80188440
202.00  -3.10308995
203.00  -3.08950540
204.00  -3.50846726
205.00  -2.84457193
206.00  -2.74140604
207.00  -2.48967990
208.00  -2.36761662
209.00  -3.08241271
210.00  -3.06786605
211.00  -3.37343507
212.00  -2.14197908
213.00  -3.17255609
214.00  -3.62368935
215.00  -3.72294317
216.00  -2.72781065
217.00  -3.79769414
218.00  -2.26285337
219.00  -3.55450735
220.00  -2.98445186
221.00  -2.79772392
222.00  -3.04179647
223.00  -3.08678057
224.00  -3.49048747
225.00  -2.75350401
226.00  -2.70186728
227.00  -2.42818209
228.00  -2.39551145
229.00  -2.95335705
230.00  -3.03319613
231.00  -3.27190819
232.00  -2.24648030
233.00  -3.17995073
234.00  -3.60693655
235.00  -3.42486504
236.00  -2.79110485
237.00  -3.78246255
238.00  -2.28320536
239.00  -3.52738095
240.00  -3.01993690
241.00  -2.79382081
242.00  -3.07934848
243.00  -3.08707058
244.00  -3.45992561
245.00  -2.79238944
246.00  -2.73663392
247.00  -2.49914994
248.00  -2.36504689
249.00  -3.08391974
250.00  -3.06359480
251.00  -3.37858652
252.00  -2.25315402
253.00  -3.18084793
254.00  -3.62934813
255.00  -3.64974984
256.00  -2.80552092
257.00  -3.76228016
258.00  -2.28299301
259.00  -3.57310529
260.00  -3.02007896
261.00  -2.80889760
262.00  -3.10418265
263.00  -3.08888810
264.00  -3.41090806
265.00  -2.81626793
266.00  -2.73929201
267.00  -2.49593809
268.00  -2.38067825
269.00  -3.05601690
270.00  -3.05903440
271.00  -3.30299341
272.00  -2.25282153
273.00  -3.14461463
274.00  -3.62639701
275.00  -3.71185751
276.00  -2.80058950
277.00  -3.77648797
278.00  -2.22410704
279.00  -3.57015779
280.00  -3.02107649
281.00  -2.79639165
282.00  -3.10251151
283.00  -3.06437128
284.00  -3.52671874
285.00  -2.84524666
286.00  -2.70324960
287.00  -2.49435594
288.00  -2.39990440
289.00  -3.03008790
290.00  -3.06872735
291.00  -3.36466405
292.00  -2.22931937
293.00  -3.18054776
294.00  -3.60451145
295.00  -3.67231548
296.00  -2.79017477
297.00  -3.79591553
298.00  -2.28354872
299.00  -3.57909356
300.00  -3.01854928
301.00  -2.75251914
302.00  -3.08286770
303.00  -3.08464733
304.00  -3.46926203
305.00  -2.84147829
306.00  -2.71753830
307.00  -2.48702658
308.00  -2.39931276
309.00  -3.07760421
310.00  -3.06892816
311.00  -3.37976131
312.00  -2.22741242
313.00  -3.18092545
314.00  -3.61250650
315.00  -3.72235963
316.00  -2.77774984
317.00  -3.79842960
318.00  -2.28338687
319.00  -3.57948359
320.00  -3.01884175
321.00  -2.77608091
322.00  -2.99566317
323.00  -3.08986554
324.00  -3.52154282
325.00  -2.83492797
326.00  -2.65778135
327.00  -2.48920393
328.00  -2.39116032
329.00  -3.05662676
330.00  -3.06887630
331.00  -3.38978403
332.00  -2.18518821
333.00  -3.09205880
334.00  -3.54775694
335.00  -3.72337757
336.00  -2.79988069
337.00  -3.79591416
338.00  -2.26310834
339.00  -3.48360899
340.00  -3.00791704
341.00  -2.79072244
342.00  -3.09106228
343.00  -3.07935151
344.00  -3.50492200
345.00  -2.82448593
346.00  -2.73045754
347.00  -2.49498603
348.00  -2.39808952
349.00  -3.02767476
350.00  -3.06731599
351.00  -3.38559366
352.00  -2.24762151
353.00  -3.09275082
354.00  -3.62840996
355.00  -3.70830606
356.00  -2.81570870
357.00  -3.80158260
358.00  -2.28308886
359.00  -3.56794861
360.00  -3.01079759
361.00  -2.76640254
362.00  -3.00598924
363.00  -3.07229365
364.00  -3.51722679
365.00  -2.84492379
366.00  -2.56845265
367.00  -2.47188229
368.00  -2.39962118
369.00  -3.08448666
370.00  -3.06041284
371.00  -3.39162366
372.00  -2.25146203
373.00  -3.14136456
374.00  -3.61961721
375.00  -3.70995499
376.00  -2.81288602
377.00  -3.80545084
378.00  -2.28343526
379.00  -3.51305372
380.00  -3.02197408
381.00  -2.78892005
382.00  -3.02726240
383.00  -3.07850057
384.00  -3.50514778
385.00  -2.84539607
386.00  -2.73944679
387.00  -2.49970648
388.00  -2.39042473
389.00  -3.04303411
390.00  -3.02319665
391.00  -3.38260869
392.00  -2.25108528
393.00  -3.18071740
394.00  -3.62717864
395.00  -3.71898613
396.00  -2.80159127
397.00  -3.76211155
398.00  -2.27706853
399.00  -3.57717449
400.00  -3.00309557
401.00  -2.77627328
402.00  -3.10389830
403.00  -3.08897540
404.00  -3.52787027
405.00  -2.84425744
406.00  -2.71414772
407.00  -2.49806969
408.00  -2.37069830
409.00  -3.08446084
410.00  -3.04965243
411.00  -3.38886054
412.00  -2.25303518
413.00  -3.13168321
414.00  -3.59560349
415.00  -3.72455736
416.00  -2.70567624
417.00  -3.77008589
418.00  -2.28313574
419.00  -3.54508766
420.00  -3.00856939
421.00  -2.78558850
422.00  -3.09886249
423.00  -3.00332101
424.00  -3.50657431
425.00  -2.84061777
426.00  -2.72404641
427.00  -2.43326283
428.00  -2.39856604
429.00  -3.02261004
430.00  -3.04955924
431.00  -3.38228915
432.00  -2.23841852
433.00  -3.14052942
434.00  -3.62745443
435.00  -3.69822658
436.00  -2.78324360
437.00  -3.80522146
438.00  -2.28319861
439.00  -3.57988117
440.00  -3.01579238
441.00  -2.80833413
442.00  -3.07233682
443.00  -3.08020254
444.00  -3.51741727
445.00  -2.84429951
446.00  -2.73073006
447.00  -2.49663185
448.00  -2.37899828
449.00  -3.08443643
450.00  -3.05363673
451.00  -3.39154692
452.00  -2.25278515
453.00  -3.18096305
454.00  -3.62601461
455.00  -3.72064608
456.00  -2.81159167
457.00  -3.79617599
458.00  -2.25058118
459.00  -3.58015659
460.00  -2.95753244
461.00  -2.78933011
462.00  -3.09057652
463.00  -3.05383641
464.00  -3.39051438
465.00  -2.80459704
466.00  -2.71556729
467.00  -2.46835244
468.00  -2.38496218
469.00  -3.08370080
470.00  -3.06880927
471.00  -3.37734114
472.00  -2.24987350
473.00  -3.17543499
474.00  -3.50835820
475.00  -3.67574087
476.00  -2.81512043
477.00  -3.80230152
478.00  -2.23702114
479.00  -3.57752854
480.00  -3.01936205
481.00  -2.79512563
482.00  -3.10061102
483.00  -3.08991489
484.00  -3.52783785
485.00  -2.84554787
486.00  -2.73149355
487.00  -2.48747982
488.00  -2.39969584
489.00  -3.03892982
490.00  -3.06453755
491.00  -3.25943949
492.00  -2.25370963
493.00  -3.15738769
494.00  -3.62589228
495.00  -3.72446740
496.00  -2.80615302
497.00  -3.74325348
498.00  -2.25597945
499.00  -3.55272389
500.00  -2.95895114
501.00  -2.80696861
502.00  -3.09741657
503.00  -3.08968470
504.00  -3.52836918
505.00  -2.83888268
506.00  -2.70206786
507.00  -2.48634505
508.00  -2.28813729
509.00  -3.05975362
510.00  -3.05577526
511.00  -3.36151532
512.00  -2.25388000
513.00  -3.17188651
514.00  -3.42875878
515.00  -3.64720741
516.00  -2.81675372
517.00  -3.71337327
518.00  -2.27736319
519.00  -3.56921645
520.00  -3.01737431
521.00  -2.76001029
522.00  -3.04591130
523.00  -3.08989618
524.00  -3.52833827
525.00  -2.80688239
526.00  -2.73782272
527.00  -2.49630059
528.00  -2.39994448
529.00  -3.07932121
530.00  -3.05775370
531.00  -3.39148798
532.00  -2.25024444
533.00  -3.16187127
534.00  -3.62777863
535.00  -3.71208361
536.00  -2.81490188
537.00  -3.76331058
538.00  -2.22195006
539.00  -3.57536766
540.00  -2.99890214
541.00  -2.80367235
542.00  -3.10412253
543.00  -3.08992023
544.00  -3.52837948
545.00  -2.80051809
546.00  -2.73664700
547.00  -2.47367224
548.00  -2.39908851
549.00  -3.05207594
550.00  -3.00044987
551.00  -3.31585838
552.00  -2.23430420
553.00  -3.18039703
554.00  -3.62874208
555.00  -3.71965140
556.00  -2.80698199
557.00  -3.78195680
558.00  -2.28318658
559.00  -3.51547080
560.00  -3.02184570
561.00  -2.80515117
562.00  -3.08184962
563.00  -3.07281704
564.00  -3.52270919
565.00  -2.84421923
566.00  -2.73202995
567.00  -2.47152311
568.00  -2.36748424
569.00  -3.06929665
570.00  -3.04342953
571.00  -3.38370900
572.00  -2.21468213
573.00  -3.12755979
574.00  -3.62754663
575.00  -3.67481979
576.00  -2.79933144
577.00  -3.80346494
578.00  -2.27900263
579.00  -3.57986385
580.00  -2.91565427
581.00  -2.79682341
582.00  -3.09074191
583.00  -3.07932705
584.00  -3.41694056
585.00  -2.75370497
586.00  -2.73418667
587.00  -2.48669059
588.00  -2.40007986
589.00  -3.08340136
590.00  -3.02912802
591.00  -3.36260780
592.00  -2.25214795
593.00  -3.15627038
594.00  -3.61723313
595.00  -3.72240060
596.00  -2.81058754
597.00  -3.79562055
598.00  -2.07207300
599.00  -3.57468538
600.00  -2.95230110
601.00  -2.80785771
602.00  -3.09154324
603.00  -3.05266924
604.00  -3.51962284
605.00  -2.75833657
606.00  -2.73775712
607.00  -2.49213034
608.00  -2.30126339
609.00  -3.00992554
610.00  -3.03774389
611.00  -3.37034305
612.00  -2.25383110
613.00  -3.12896853
614.00  -3.60753274
615.00  -3.72278472
616.00  -2.80103396
617.00  -3.80639074
618.00  -2.27352378
619.00  -3.54441725
620.00  -2.91037367
621.00  -2.74589156
622.00  -3.10281429
623.00  -3.08814143
624.00  -3.52413343
625.00  -2.83679427
626.00  -2.73446423
627.00  -2.48297281
628.00  -2.39067344
629.00  -3.05913228
630.00  -3.05529399
631.00  -3.35513877
632.00  -2.25309990
633.00  -3.13322991
634.00  -3.62797160
635.00  -3.72367335
636.00  -2.81248990
637.00  -3.80063181
638.00  -2.12438639
639.00  -3.57603288
640.00  -2.98786075
641.00  -2.80709242
642.00  -3.07206502
643.00  -3.08965417
644.00  -3.51965857
645.00  -2.83119957
646.00  -2.74141552
647.00  -2.49694098
648.00  -2.37242770
649.00  -3.04254784
650.00  -3.06764798
651.00  -3.37536599
652.00  -2.20466061
653.00  -3.11385465
654.00  -3.60530577
655.00  -3.67662579
656.00  -2.81644747
657.00  -3.75079778
658.00  -2.26510827
659.00  -3.57712708
660.00  -3.01679367
661.00  -2.78349591
662.00  -3.10294164
663.00  -3.08947010
664.00  -3.51924889
665.00  -2.82583945
666.00  -2.70778629
667.00  -2.49424887
668.00  -2.39463773
669.00  -3.05206291
670.00  -3.03243002
671.00  -3.37523297
672.00  -2.13966552
673.00  -3.16101090
674.00  -3.56594955
675.00  -3.64282653
676.00  -2.81113916
677.00  -3.80484582
678.00  -2.26629516
679.00  -3.57480557
680.00  -2.97253969
681.00  -2.79580999
682.00  -3.09596636
683.00  -3.08978894
684.00  -3.52286340
685.00  -2.84540445
686.00  -2.66347594
687.00  -2.47075637
688.00  -2.38799773
689.00  -2.87283329
690.00  -3.05982570
691.00  -3.38168395
692.00  -2.25217218
693.00  -3.15907312
694.00  -3.59699260
695.00  -3.71029870
696.00  -2.66380167
697.00  -3.64388949
698.00  -2.22895374
699.00  -3.57982102
700.00  -3.00674541
701.00  -2.69396257
702.00  -3.08667807
703.00  -3.08948471
704.00  -3.51824253
705.00  -2.76611020
706.00  -2.64631583
707.00  -2.49960539
708.00  -2.38088421
709.00  -3.06684349
710.00  -3.06814456
711.00  -3.38055857
712.00  -2.21924067
713.00  -3.17446698
714.00  -3.62016557
715.00  -3.69137448
716.00  -2.81708550
717.00  -3.76956510
718.00  -2.20421798
719.00  -3.58018273
720.00  -3.00874148
721.00  -2.79975110
722.00  -3.10024192
723.00  -3.02095223
724.00  -3.52487982
725.00  -2.82330803
726.00  -2.72233580
727.00  -2.49262057
728.00  -2.38343378
729.00  -3.07508098
730.00  -3.02213657
731.00  -3.39184931
732.00  -2.25182378
733.00  -3.17662154
734.00  -3.60849785
735.00  -3.71225658
736.00  -2.81707967
737.00  -3.75083306
738.00  -2.27770700
739.00  -3.58007234
740.00  -3.00895100
741.00  -2.80130888
742.00  -3.08475031
743.00  -3.04284728
744.00  -3.52777140
745.00  -2.75411496
746.00  -2.73731244
747.00  -2.47571787
748.00  -2.39674005
749.00  -3.03011483
750.00  -3.03977316
751.00  -3.37578418
752.00  -2.24301269
753.00  -3.17550912
754.00  -3.62447758
755.00  -3.70655619
756.00  -2.75137118
757.00  -3.75235668
758.00  -2.18785591
759.00  -3.58012055
760.00  -2.99242183
761.00  -2.76817273
762.00  -3.07266352
763.00  -3.08988947
764.00  -3.50317376
765.00  -2.84237662
766.00  -2.73951590
767.00  -2.37492459
768.00  -2.39710203
769.00  -2.97076085
770.00  -3.06308719
771.00  -3.33496267
772.00  -2.23148549
773.00  -3.16706501
774.00  -3.62571324
775.00  -3.72450230
776.00  -2.81379332
777.00  -3.80524689
778.00  -2.27784649
779.00  -3.55366665
780.00  -3.01358767
781.00  -2.80506064
782.00  -3.09747682
783.00  -3.04089829
784.00  -3.51207695
785.00  -2.84433917
786.00  -2.73235686
787.00  -2.49992014
788.00  -2.39545799
789.00  -2.91975447
790.00  -3.06332847
791.00  -3.39120121
792.00  -2.25383103
793.00  -3.18097876
794.00  -3.59088602
795.00  -3.72350893
796.00  -2.81170939
797.00  -3.76624365
798.00  -2.26454298
799.00  -3.52736199
800.00  -2.94480874
801.00  -2.79937996
802.00  -3.05064082
803.00  -3.08934703
804.00  -3.50491834
805.00  -2.82969563
806.00  -2.69822334
807.00  -2.49937546
808.00  -2.39954444
809.00  -3.08259958
810.00  -3.06200396
811.00  -3.31230847
812.00  -2.19528314
813.00  -3.10059804
814.00  -3.62323155
815.00  -3.72318235
816.00  -2.80559875
817.00  -3.80639990
818.00  -2.28313395
819.00  -3.57771061
820.00  -2.97358251
821.00  -2.77403735
822.00  -3.10325489
823.00  -3.08981767
824.00  -3.52368904
825.00  -2.82251834
826.00  -2.74069206
827.00  -2.49739653
828.00  -2.35296716
829.00  -3.08056740
830.00  -2.95556977
831.00  -3.36772860
832.00  -2.19357218
833.00  -3.17773095
834.00  -3.60521271
835.00  -3.72220449
836.00  -2.79357750
837.00  -3.79041501
838.00  -2.20178263
839.00  -3.53073477
840.00  -2.99637822
841.00  -2.77598652
842.00  -2.91793311
843.00  -3.07134844
844.00  -3.52595250
845.00  -2.82523566
846.00  -2.72615784
847.00  -2.49506593
848.00  -2.38312571
849.00  -3.04563425
850.00  -3.06886423
851.00  -3.28218205
852.00  -2.25221904
853.00  -3.17686175
854.00  -3.60116176
855.00  -3.70366322
856.00  -2.80468342
857.00  -3.80547115
858.00  -2.23503770
859.00  -3.54790040
860.00  -3.02087555
861.00  -2.80186512
862.00  -3.09732848
863.00  -3.07772261
864.00  -3.50779652
865.00  -2.84545844
866.00  -2.71728625
867.00  -2.47228613
868.00  -2.39796895
869.00  -3.08368394
870.00  -3.06849338
871.00  -3.38724038
872.00  -2.24743101
873.00  -3.13602223
874.00  -3.62938698
875.00  -3.69445025
876.00  -2.78955089
877.00  -3.80218010
878.00  -2.27127554
879.00  -3.48763767
880.00  -3.01989916
881.00  -2.80472601
882.00  -3.05165578
883.00  -2.97963465
884.00  -3.50876157
885.00  -2.83496530
886.00  -2.72067900
887.00  -2.50009320
888.00  -2.38203542
889.00  -3.07539904
890.00  -3.03701806
891.00  -3.39176374
892.00  -2.22874700
893.00  -3.13337398
894.00  -3.62589971
895.00  -3.70902379
896.00  -2.79917101
897.00  -3.80547156
898.00  -2.25431211
899.00  -3.58006652
900.00  -3.02156840
901.00  -2.80340732
902.00  -3.07711434
903.00  -3.05239988
904.00  -3.52832047
905.00  -2.84150957
906.00  -2.74123557
907.00  -2.49513287
908.00  -2.37931125
909.00  -3.08403801
910.00  -3.06805428
911.00  -3.39106345
912.00  -2.25132553
913.00  -3.14457741
914.00  -3.62924062
915.00  -3.66601812
916.00  -2.79891326
917.00  -3.79822576
918.00  -2.28130053
919.00  -3.55272276
920.00  -3.01643118
921.00  -2.79964333
922.00  -3.10106715
923.00  -3.08518121
924.00  -3.52133603
925.00  -2.83030214
926.00  -2.69605702
927.00  -2.48182957
928.00  -2.39176803
929.00  -3.07731943
930.00  -3.04165345
931.00  -3.36865582
932.00  -2.22270980
933.00  -3.17814488
934.00  -3.55929406
935.00  -3.72176210
936.00  -2.80168453
937.00  -3.80563090
938.00  -2.28195706
939.00  -3.53717494
940.00  -3.01534927
941.00  -2.76471750
942.00  -3.08180069
943.00  -3.08899722
944.00  -3.52222015
945.00  -2.84310243
946.00  -2.67251920
947.00  -2.48622866
948.00  -2.38493315
949.00  -3.08430379
950.00  -3.03691102
951.00  -3.38126310
952.00  -2.25336160
953.00  -3.17875226
954.00  -3.59632998
955.00  -3.53039659
956.00  -2.81691598
957.00  -3.80467057
958.00  -2.27707352
959.00  -3.57057354
960.00  -3.00083670
961.00  -2.79789433
962.00  -3.05867106
963.00  -3.08403697
964.00  -3.46407643
965.00  -2.79765598
966.00  -2.72462164
967.00  -2.49993627
968.00  -2.39168708
969.00  -3.02612137
970.00  -3.05851929
971.00  -3.37199580
972.00  -2.22687540
973.00  -3.17064182
974.00  -3.62757475
975.00  -3.72460988
976.00  -2.78976987
977.00  -3.78062615
978.00  -2.25845160
979.00  -3.57576987
980.00  -3.01412491
981.00  -2.73772744
982.00  -3.05297738
983.00  -3.08916328
984.00  -3.51263144
985.00  -2.79879613
986.00  -2.73180511
987.00  -2.49974635
988.00  -2.38739472
989.00  -2.97000981
990.00  -3.04305054
991.00  -3.38135940
992.00  -2.24270102
993.00  -3.17468808
994.00  -3.62789101
995.00  -3.61749875
996.00  -2.74201656
997.00  -3.79098482
998.00  -2.22622787
999.00  -3.57974967
1000.00  -3.01857443
1001.00  -2.79637975
1002.00  -3.10413642
1003.00  -3.08620963
1004.00  -3.52743522
1005.00  -2.83587063
1006.00  -2.73615672
1007.00  -2.49440266
1008.00  -2.39236540
1009.00  -3.01075156
1010.00  -3.06885528
1011.00  -3.37628915
1012.00  -2.23331141
1013.00  -3.17600887
1014.00  -3.61961917
1015.00  -3.72124133
1016.00  -2.74285544
1017.00  -3.80121663
1018.00  -2.16857507
1019.00  -3.40844445
1020.00  -3.02132637
1021.00  -2.78100161
1022.00  -3.10384847
1023.00  -3.05466298
1024.00  -3.51323463
1025.00  -2.84419869
1026.00  -2.73522926
1027.00  -2.47606798
1028.00  -2.36168104
1029.00  -3.07208252
1030.00  -3.06888503
1031.00  -3.39158835
1032.00  -2.24813081
1033.00  -3.15920047
1034.00  -3.62790475
1035.00  -3.70971793
1036.00  -2.77419850
1037.00  -3.74615150
1038.00  -2.28262163
1039.00  -3.58014037
1040.00  -3.02203978
1041.00  -2.75468962
1042.00  -3.10065876
1043.00  -3.08876055
1044.00  -3.48409118
1045.00  -2.84469340
1046.00  -2.73501178
1047.00  -2.49788303
1048.00  -2.39715422
1049.00  -3.07655962
1050.00  -3.05909510
1051.00  -3.38926434
1052.00  -2.25202032
1053.00  -3.09181235
1054.00  -3.62856232
1055.00  -3.71985249
1056.00  -2.81252443
1057.00  -3.80638133
1058.00  -2.20432080
1059.00  -3.57023520
1060.00  -3.02195890
1061.00  -2.80607086
1062.00  -3.10384147
1063.00  -3.08307808
1064.00  -3.51716739
1065.00  -2.83869148
1066.00  -2.70909519
1067.00  -2.43595351
1068.00  -2.30071498
1069.00  -3.07061359
1070.00  -3.05484127
1071.00  -3.35602852
1072.00  -2.25258106
1073.00  -3.16114586
1074.00  -3.55479115
1075.00  -3.70810547
1076.00  -2.80593313
1077.00  -3.78636266
1078.00  -2.25377901
1079.00  -3.57979197
1080.00  -3.02203999
1081.00  -2.80797376
1082.00  -3.08696105
1083.00  -3.08890639
1084.00  -3.44625043
1085.00  -2.82456198
1086.00  -2.73762394
1087.00  -2.44716116
1088.00  -2.39810840
1089.00  -3.08407179
1090.00  -3.03668258
1091.00  -3.38821477
1092.00  -2.25186533
1093.00  -3.17469511
1094.00  -3.62089312
1095.00  -3.72189978
1096.00  -2.79163292
1097.00  -3.79909520
1098.00  -2.27706095
1099.00  -3.56579954
1100.00  -2.98491960
1101.00  -2.80793441
1102.00  -3.10256327
1103.00  -3.08439106
1104.00  -3.50817945
1105.00  -2.84186159
1106.00  -2.74136782
1107.00  -2.47506406
1108.00  -2.39929101
1109.00  -3.08055744
1110.00  -3.04411923
1111.00  -3.39170845
1112.00  -2.23783661
1113.00  -3.17505272
1114.00  -3.60226956
1115.00  -3.72085354
1116.00  -2.78261365
1117.00  -3.80418934
1118.00  -2.21743131
1119.00  -3.57989127
1120.00  -3.01948839
1121.00  -2.74364121
1122.00  -3.05114937
1123.00  -3.07875592
1124.00  -3.52321535
1125.00  -2.83375679
1126.00  -2.73935798
1127.00  -2.50012923
1128.00  -2.39753242
1129.00  -3.05384376
1130.00  -3.06617616
1131.00  -3.38387708
1132.00  -2.25314249
1133.00  -3.10822732
1134.00  -3.62921682
1135.00  -3.71049591
1136.00  -2.78984051
1137.00  -3.80629347
1138.00  -2.26718134
1139.00  -3.57840526
1140.00  -2.96539824
1141.00  -2.80845045
1142.00  -3.08857611
1143.00  -3.08164706
1144.00  -3.50539200
1145.00  -2.84333154
1146.00  -2.71040793
1147.00  -2.49760561
1148.00  -2.38644612
1149.00  -3.05723068
1150.00  -3.03893883
1151.00  -3.39166567
1152.00  -2.25373518
1153.00  -3.17812831
1154.00  -3.60439792
1155.00  -3.71437322
1156.00  -2.78090580
1157.00  -3.79891972
1158.00  -2.27191268
1159.00  -3.56058229
1160.00  -3.02068446
1161.00  -2.80894881
1162.00  -3.05911686
1163.00  -3.06227904
1164.00  -3.52796643
1165.00  -2.82521946
1166.00  -2.73626948
1167.00  -2.49913723
1168.00  -2.39970933
1169.00  -3.07215966
1170.00  -3.06600043
1171.00  -3.39010960
1172.00  -2.24951041
1173.00  -3.17929226
1174.00  -3.62067295
1175.00  -3.72460816
1176.00  -2.77618100
1177.00  -3.77393159
1178.00  -2.24458284
1179.00  -3.57622358
1180.00  -2.85076518
1181.00  -2.80807406
1182.00  -3.07152197
1183.00  -3.04200337
1184.00  -3.43303370
1185.00  -2.84265273
1186.00  -2.71852278
1187.00  -2.48387329
1188.00  -2.35213609
1189.00  -3.08244983
1190.00  -3.05827675
1191.00  -3.34463571
1192.00  -2.23402122
1193.00  -3.13995987
1194.00  -3.56828926
1195.00  -3.71874720
1196.00  -2.81411305
1197.00  -3.80558556
1198.00  -2.26460165
1199.00  -3.57263361
1200.00  -3.00770123
1201.00  -2.74026964
1202.00  -3.10363306
1203.00  -3.02491780
1204.00  -3.46138462
1205.00  -2.84516223
1206.00  -2.71972188
1207.00  -2.47551936
1208.00  -2.39674974
1209.00  -3.08351751
1210.00  -3.02860089
1211.00  -3.32784482
1212.00  -2.20467614
1213.00  -3.17936961
1214.00  -3.59797726
1215.00  -3.72129876
1216.00  -2.80072446
1217.00  -3.80555424
1218.00  -2.26217779
1219.00  -3.56802436
1220.00  -3.02140281
1221.00  -2.80434683
1222.00  -3.09936464
1223.00  -3.08953423
1224.00  -3.52837855
1225.00  -2.84425968
1226.00  -2.73534035
1227.00  -2.49987657
1228.00  -2.39750713
1229.00  -3.07868566
1230.00  -3.03017046
1231.00  -3.37363831
1232.00  -2.25326108
1233.00  -3.17261398
1234.00  -3.61164339
1235.00  -3.71271173
1236.00  -2.79132586
1237.00  -3.77072402
1238.00  -2.27343753
1239.00  -3.57419714
1240.00  -3.01321910
1241.00  -2.75598524
1242.00  -3.10392721
1243.00  -3.08724918
1244.00  -3.51382331
1245.00  -2.83283745
1246.00  -2.71763770
1247.00  -2.49946031
1248.00  -2.37601031
1249.00  -3.04615058
1250.00  -3.04006386
1251.00  -3.39075001
1252.00  -2.24821411
1253.00  -3.05453149
1254.00  -3.56212666
1255.00  -3.64363585
1256.00  -2.81592428
1257.00  -3.79744567
1258.00  -2.28309741
1259.00  -3.57719064
1260.00  -3.01052090
1261.00  -2.79487282
1262.00  -3.09603894
1263.00  -3.06284344
1264.00  -3.52745464
1265.00  -2.84110535
1266.00  -2.68942732
1267.00  -2.49109995
1268.00  -2.39547278
1269.00  -3.08376216
1270.00  -3.06392402
1271.00  -3.37541395
1272.00  -2.25237423
1273.00  -3.15912825
1274.00  -3.62251826
1275.00  -3.68231002
1276.00  -2.49786059
1277.00  -3.79805681
1278.00  -2.25898428
1279.00  -3.54005165
1280.00  -3.00524999
1281.00  -2.77523871
1282.00  -3.10001353
1283.00  -3.07746696
1284.00  -3.49949527
1285.00  -2.83867373
1286.00  -2.72897503
1287.00  -2.48280734
1288.00  -2.39385642
1289.00  -3.03941699
1290.00  -3.06075528
1291.00  -3.28798456
1292.00  -2.25153534
1293.00  -3.14284287
1294.00  -3.54900978
1295.00  -3.71921213
1296.00  -2.77920612
1297.00  -3.80111208
1298.00  -2.27193052
1299.00  -3.57757895
1300.00  -3.00802706
1301.00  -2.79385831
1302.00  -3.03579142
1303.00  -3.03621626
1304.00  -3.52558994
1305.00  -2.84216083
1306.00  -2.52758873
1307.00  -2.49317693
1308.00  -2.38453230
1309.00  -3.08228831
1310.00  -3.04810053
1311.00  -3.37362200
1312.00  -2.23729702
1313.00  -3.18044744
1314.00  -3.61939432
1315.00  -3.65600058
1316.00  -2.81695340
1317.00  -3.78244043
1318.00  -2.26884902
1319.00  -3.53917329
1320.00  -3.01179503
1321.00  -2.80855496
1322.00  -3.03866648
1323.00  -3.08954378
1324.00  -3.52705481
1325.00  -2.78941569
1326.00  -2.73823534
1327.00  -2.48439557
1328.00  -2.38774320
1329.00  -3.07020462
1330.00  -3.06357763
1331.00  -3.38253679
1332.00  -2.23814434
1333.00  -3.18058640
1334.00  -3.62230352
1335.00  -3.65740804
1336.00  -2.81489740
1337.00  -3.79745981
1338.00  -2.28253948
1339.00  -3.56538697
1340.00  -2.99339498
1341.00  -2.80742321
1342.00  -3.10181261
1343.00  -3.08036774
1344.00  -3.51234616
1345.00  -2.84553758
1346.00  -2.70407480
1347.00  -2.49967825
1348.00  -2.34851977
1349.00  -3.07148374
1350.00  -3.06093367
1351.00  -3.38162506
1352.00  -2.25288531
1353.00  -3.11071228
1354.00  -3.62211344
1355.00  -3.71180951
1356.00  -2.81682205
1357.00  -3.80396526
1358.00  -2.28352554
1359.00  -3.57587074
1360.00  -3.01387267
1361.00  -2.80783554
1362.00  -3.09379815
1363.00  -3.08319278
1364.00  -3.52737470
1365.00  -2.84550057
1366.00  -2.73246482
1367.00  -2.44023037
1368.00  -2.39845710
1369.00  -2.99127368
1370.00  -3.04174436
1371.00  -3.36719092
1372.00  -2.24950604
1373.00  -3.10272822
1374.00  -3.59877124
1375.00  -3.69967516
1376.00  -2.81321990
1377.00  -3.77142345
1378.00  -2.26560055
1379.00  -3.58016979
1380.00  -3.01909035
1381.00  -2.80363600
1382.00  -3.07035447
1383.00  -3.08977017
1384.00  -3.52826364
1385.00  -2.83791355
1386.00  -2.70636690
1387.00  -2.48925578
1388.00  -2.40002100
1389.00  -3.06106557
1390.00  -3.00138202
1391.00  -3.38720575
1392.00  -2.25152700
1393.00  -3.18097855
1394.00  -3.62607700
1395.00  -3.70354077
1396.00  -2.78663050
1397.00  -3.77384004
1398.00  -2.25341295
1399.00  -3.54675794
1400.00  -3.01910375
1401.00  -2.68311022
1402.00  -3.10341718
1403.00  -3.06954753
1404.00  -3.51224202
1405.00  -2.84194956
1406.00  -2.73732740
1407.00  -2.45357783
1408.00  -2.39345702
1409.00  -3.06466270
1410.00  -3.06516476
1411.00  -3.35011408
1412.00  -2.24570071
1413.00  -3.11531789
1414.00  -3.62899600
1415.00  -3.71250121
1416.00  -2.71454567
1417.00  -3.73645528
1418.00  -2.27857186
1419.00  -3.57894406
1420.00  -3.02042404
1421.00  -2.79864362
1422.00  -3.06001020
1423.00  -3.05393575
1424.00  -3.51901391
1425.00  -2.83521543
1426.00  -2.74130964
1427.00  -2.47682820
1428.00  -2.34709369
1429.00  -3.08442757
1430.00  -3.05832532
1431.00  -3.37934624
1432.00  -2.24566220
1433.00  -3.17968678
1434.00  -3.62844918
1435.00  -3.66918141
1436.00  -2.81542935
1437.00  -3.76920775
1438.00  -2.28111493
1439.00  -3.57825647
1440.00  -3.01252156
1441.00  -2.80748830
1442.00  -2.98755484
1443.00  -3.07328307
1444.00  -3.52673041
1445.00  -2.84553293
1446.00  -2.72080645
1447.00  -2.39552881
1448.00  -2.34767323
1449.00  -3.00751158
1450.00  -3.06782222
1451.00  -3.36139301
1452.00  -2.25324782
1453.00  -3.17942367
1454.00  -3.62951684
1455.00  -3.68734104
1456.00  -2.81206156
1457.00  -3.80491980
1458.00  -2.26747033
1459.00  -3.58015089
1460.00  -3.02189422
1461.00  -2.72323412
1462.00  -3.09880870
1463.00  -3.08890204
1464.00  -3.51046724
1465.00  -2.84523114
1466.00  -2.68173238
1467.00  -2.49996765
1468.00  -2.37595724
1469.00  -3.01909101
1470.00  -3.03856794
1471.00  -3.39183591
1472.00  -2.25136835
1473.00  -3.18090784
1474.00  -3.62784098
1475.00  -3.53172838
1476.00  -2.75507266
1477.00  -3.78961592
1478.00  -2.28165870
1479.00  -3.57534941
1480.00  -3.01644926
1481.00  -2.79122567
1482.00  -3.07383350
1483.00  -3.04865209
1484.00  -3.52400708
1485.00  -2.80981929
1486.00  -2.67318225
1487.00  -2.49697339
1488.00  -2.39751196
1489.00  -3.08090964
1490.00  -3.05692140
1491.00  -3.38747860
1492.00  -2.19109831
1493.00  -3.17964178
1494.00  -3.61236531
1495.00  -3.69848079
1496.00  -2.79376481
1497.00  -3.80491832
1498.00  -2.24511839
1499.00  -3.57356352
1500.00  -3.02193815
1501.00  -2.80762590
1502.00  -3.10196491
1503.00  -3.06961586
1504.00  -3.41373333
1505.00  -2.84350968
1506.00  -2.72533597
1507.00  -2.49249843
1508.00  -2.39841515
1509.00  -3.02708754
1510.00  -2.96884640
1511.00  -3.38915206
1512.00  -2.21301133
1513.00  -3.18060558
1514.00  -3.62795965
1515.00  -3.69837733
1516.00  -2.77758560
1517.00  -3.77185143
1518.00  -2.25607041
1519.00  -3.57977396
1520.00  -3.01498467
1521.00  -2.80885134
1522.00  -3.10180943
1523.00  -3.08848011
1524.00  -3.52002662
1525.00  -2.80665988
1526.00  -2.71457863
1527.00  -2.49224331
1528.00  -2.39883384
1529.00  -3.07692957
1530.00  -2.99744066
1531.00  -3.36989082
1532.00  -2.20788680
1533.00  -3.17505736
1534.00  -3.59892466
1535.00  -3.72283031
1536.00  -2.79423268
1537.00  -3.80353460
1538.00  -2.28125647
1539.00  -3.54383759
1540.00  -2.98321520
1541.00  -2.80597663
1542.00  -2.99296742
1543.00  -3.08401685
1544.00  -3.51464652
1545.00  -2.84150240
1546.00  -2.73920679
1547.00  -2.48050802
1548.00  -2.35611693
1549.00  -3.07191825
1550.00  -3.03099173
1551.00  -3.39044267
1552.00  -2.25378373
1553.00  -3.17998716
1554.00  -3.60316274
1555.00  -3.71955031
1556.00  -2.79847588
1557.00  -3.79861661
1558.00  -2.23162686
1559.00  -3.56535137
1560.00  -3.02132858
1561.00  -2.80105437
1562.00  -3.08245750
1563.00  -3.08973773
1564.00  -3.47374828
1565.00  -2.83971381
1566.00  -2.73997348
1567.00  -2.34287014
1568.00  -2.39955316
1569.00  -3.08189436
1570.00  -3.03482971
1571.00  -3.37836655
1572.00  -2.24705025
1573.00  -3.17896957
1574.00  -3.59292304
1575.00  -3.72093822
1576.00  -2.78019648
1577.00  -3.80162936
1578.00  -2.27802954
1579.00  -3.57356573
1580.00  -2.98878752
1581.00  -2.80853228
1582.00  -3.05294804
1583.00  -3.06574705
1584.00  -3.52561005
1585.00  -2.80825912
1586.00  -2.72164354
1587.00  -2.48035539
1588.00  -2.39641444
1589.00  -3.07706834
1590.00  -3.04477976
1591.00  -3.37368012
1592.00  -2.16212101
1593.00  -3.16129794
1594.00  -3.62018576
1595.00  -3.72001245
1596.00  -2.77945820
1597.00  -3.80634546
1598.00  -2.21297494
1599.00  -3.57611887
1600.00  -3.00054904
1601.00  -2.80126879
1602.00  -3.10393191
1603.00  -3.08718790
1604.00  -3.50730181
1605.00  -2.79366340
1606.00  -2.74080354
1607.00  -2.49670179
1608.00  -2.39679218
1609.00  -3.08445307
1610.00  -3.06885637
1611.00  -3.37782179
1612.00  -2.17885607
1613.00  -3.14649464
1614.00  -3.61444683
1615.00  -3.70680223
1616.00  -2.81024641
1617.00  -3.79079814
1618.00  -2.24663217
1619.00  -3.57990939
1620.00  -3.01225695
1621.00  -2.79774378
1622.00  -3.10383494
1623.00  -3.08723537
1624.00  -3.51214915
1625.00  12.11273369
1626.00  -2.72374977
1627.00  -2.49297815
1628.00  -2.38168793
1629.00  -3.07838324
1630.00  -3.03953162
1631.00  -3.35740917
1632.00  -2.25362898
1633.00  -3.13206645
1634.00  -3.62854718
1635.00  -3.70774411
1636.00  -2.81410095
1637.00  -3.73659436
1638.00  -2.26669207
1639.00  -3.57818451
1640.00  -2.98219158
1641.00  -2.68648114
1642.00  -3.04616347
1643.00  -3.08338097
1644.00  -3.40697817
1645.00  25.46935840
1646.00  -2.73251233
1647.00  -2.48828390
1648.00  -2.38494549
1649.00  -3.07987254
1650.00  -3.03735315
1651.00  -3.38660166
1652.00  -2.14722377
1653.00  -3.17075926
1654.00  -3.56248277
1655.00  -3.64408497
1656.00  -2.81506862
1657.00  -3.78450355
1658.00  -2.28298294
1659.00  -3.55586944
1660.00  -3.02192992
1661.00  -2.80785506
1662.00  -3.09517052
1663.00  -3.04350807
1664.00  -3.52285525
1665.00  -2.84356082
1666.00  -2.71283988
1667.00  -2.49922160
1668.00  -2.38071811
1669.00  -3.07357487
1670.00  -3.05124913
1671.00  -3.38702310
1672.00  -2.19071974
1673.00  -3.16381743
1674.00  -3.45619499
1675.00  -3.69313252
1676.00  -2.81619831
1677.00  -3.80530797
1678.00  -2.27258184
1679.00  -3.57278155
1680.00  -2.97582400
1681.00  -2.73562289
1682.00  -3.07764671
1683.00  -3.08921365
1684.00  -3.51940199
1685.00  -2.78172285
1686.00  -2.74062894
1687.00  -2.48840498
1688.00  -2.39932126
1689.00  -2.99503733
1690.00  -3.06592927
1691.00  -3.39152959
1692.00  -2.22788404
1693.00  -3.17852947
1694.00  -3.62603260
1695.00  -3.57876389
1696.00  -2.80145241
1697.00  -3.78423999
1698.00  -2.28310441
1699.00  -3.58018776
1700.00  -2.96644899
1701.00  -2.78888240
1702.00  -3.10372462
1703.00  -3.08553897
1704.00  -3.51263645
1705.00  -2.82528443
1706.00  -2.73889730
1707.00  -2.49193503
1708.00  -2.38997284
1709.00  -3.08413675
1710.00  -3.06885049
1711.00  -3.39182520
1712.00  -2.25204127
1713.00  -3.15778722
1714.00  -3.60109275
1715.00  -3.69827486
1716.00  -2.77959793
1717.00  -3.79577449
1718.00  -2.27667229
1719.00  -3.57692029
1720.00  -3.02156728
1721.00  -2.78665577
1722.00  -3.03331615
1723.00  -3.08947720
1724.00  -3.48595181
1725.00  -2.84554990
1726.00  -2.73861329
1727.00  -2.49820907
1728.00  -2.39942743
1729.00  -3.07389356
1730.00  -3.05736476
1731.00  -3.37076508
1732.00  -2.18997595
1733.00  -3.17184225
1734.00  -3.62112581
1735.00  -3.71175914
1736.00  -2.75398064
1737.00  -3.79319249
1738.00  -2.27644206
1739.00  -3.56374856
1740.00  -3.01970026
1741.00  -2.80843736
1742.00  -3.09937095
1743.00  -3.07991979
1744.00  -3.48361237
1745.00  -2.83985959
1746.00  -2.68495703
1747.00  -2.49482515
1748.00  -2.38291448
1749.00  -3.08363575
1750.00  -3.06620266
1751.00  -3.36870248
1752.00  -2.25335884
1753.00  -3.00082598
1754.00  -3.62743301
1755.00  -3.71695805
1756.00  -2.80778575
1757.00  -3.80486147
1758.00  -2.23730088
1759.00  -3.57121238
1760.00  -2.96350220
1761.00  -2.80743984
1762.00  -3.07868821
1763.00  -3.04006915
1764.00  -3.49558472
1765.00  -2.83358783
1766.00  -2.68274792
1767.00  -2.45215225
1768.00  -2.39479439
1769.00  -3.06970030
1770.00  -3.06106453
1771.00  -3.38051298
1772.00  -2.25225334
1773.00  -3.18057681
1774.00  -3.61964705
1775.00  -3.71749148
1776.00  -2.75196671
1777.00  -3.80614824
1778.00  -2.26851418
1779.00  -3.57200033
1780.00  -3.01183800
1781.00  -2.80892477
1782.00  -3.09347972
1783.00  -3.08693453
1784.00  -3.51964792
1785.00  -2.82449481
1786.00  -2.73529362
1787.00  -2.45240438
1788.00  -2.40000951
1789.00  -3.07758772
1790.00  -3.06462436
1791.00  -3.39031606
1792.00  -2.21644975
1793.00  -3.16849852
1794.00  -3.61832628
1795.00  -3.71760261
1796.00  -2.81347838
1797.00  -3.75593039
1798.00  -2.27458984
1799.00  -3.57238302
1800.00  -3.02150961
1801.00  -2.76288492
1802.00  -3.10296034
1803.00  -3.07814839
1804.00  -3.51876781
1805.00  -2.83325755
1806.00  -2.73856222
1807.00  -2.47630541
1808.00  -2.39793640
1809.00  -3.08277126
1810.00  -3.03865774
1811.00  -3.38357825
1812.00  -2.24817413
1813.00  -3.11960072
1814.00  -3.62951425
1815.00  -3.72460607
1816.00  -2.81547053
1817.00  -3.77582394
1818.00  -2.21696650
1819.00  -3.56454696
1820.00  -3.00697629
1821.00  -2.80825427
1822.00  -3.10413262
1823.00  -3.06637821
1824.00  -3.51104555
1825.00  -2.84048882
1826.00  -2.73896149
1827.00  -2.41548536
1828.00  -2.39987936
1829.00  -3.08448715
1830.00  -3.05262847
1831.00  -3.38773364
1832.00  -2.23180305
1833.00  -3.18080469
1834.00  -3.62926327
1835.00  -3.70864398
1836.00  -2.74217673
1837.00  -3.78837066
1838.00  -2.28217737
1839.00  -3.58017665
1840.00  -3.01786860
1841.00  -2.78671254
1842.00  -3.09984010
1843.00  -3.08870113
1844.00  -3.52598632
1845.00  -2.78381251
1846.00  -2.69261629
1847.00  -2.49407999
1848.00  -2.39943688
1849.00  -3.04654338
1850.00  -3.06845064
1851.00  -3.37609498
1852.00  -2.23001068
1853.00  -3.18041445
1854.00  -3.62296943
1855.00  -3.72421179
1856.00  -2.80388903
1857.00  -3.80160053
1858.00  -2.28266584
1859.00  -3.53926644
1860.00  -3.02100626
1861.00  -2.80639824
1862.00  -3.09712416
1863.00  -3.05646387
1864.00  -3.52775238
1865.00  -2.83090964
1866.00  -2.73025245
1867.00  -2.49491210
1868.00  -2.37468910
1869.00  -3.07178579
1870.00  -3.06375164
1871.00  -3.38232191
1872.00  -2.25092784
1873.00  -3.10504344
1874.00  -3.59371004
1875.00  -3.70150338
1876.00  -2.81487304
1877.00  -3.80035142
1878.00  -2.26533263
1879.00  -3.55831307
1880.00  -3.02196917
1881.00  -2.80659192
1882.00  -3.09837728
1883.00  -2.98809426
1884.00  -3.49177488
1885.00  -2.82609038
1886.00  -2.74049677
1887.00  -2.49495673
1888.00  -2.39908457
1889.00  -3.07511839
1890.00  -3.05957505
1891.00  -3.33473335
1892.00  -2.23227548
1893.00  -3.17454352
1894.00  -3.62759228
1895.00  -3.71563142
1896.00  -2.79331496
1897.00  -3.75587489
1898.00  -2.27865699
1899.00  -3.57161568
1900.00  -2.99787255
1901.00  -2.80894830
1902.00  -3.06317620
1903.00  -3.07053987
1904.00  -3.52334783
1905.00  -2.83602235
1906.00  -2.73832145
1907.00  -2.48599809
1908.00  -2.39975634
1909.00  -3.02895079
1910.00  -3.03008677
1911.00  -3.34716909
1912.00  -2.25266643
1913.00  -3.18096550
1914.00  -3.61914530
1915.00  -3.71019461
1916.00  -2.81033044
1917.00  -3.80313030
1918.00  -2.28258134
1919.00  -3.56763790
1920.00  -3.01619249
1921.00  -2.79499020
1922.00  -3.09431842
1923.00  -3.08561185
1924.00  -3.52192773
1925.00  -2.81933482
1926.00  -2.70414816
1927.00  -2.49743052
1928.00  -2.37427088
1929.00  -3.07684268
1930.00  -3.02406435
1931.00  -3.38858356
1932.00  -2.19408806
1933.00  -3.15076143
1934.00  -3.62673175
1935.00  -3.60209870
1936.00  -2.81709428
1937.00  -3.80594596
1938.00  -2.27568548
1939.00  -3.52120542
1940.00  -2.93320815
1941.00  -2.67339130
1942.00  -3.08373977
1943.00  -3.08747637
1944.00  -3.51826550
1945.00  -2.83845990
1946.00  -2.67387955
1947.00  -2.49431424
1948.00  -2.28285144
1949.00  -2.99538026
1950.00  -3.06635634
1951.00  -3.31397155
1952.00  -2.16496617
1953.00  -3.17652125
1954.00  -3.50647712
1955.00  -3.72348061
1956.00  -2.81634781
1957.00  -3.77846822
1958.00  -2.20885071
1959.00  -3.58018335
1960.00  -3.02105973
1961.00  -2.72247105
1962.00  -3.08983046
1963.00  -3.07809140
1964.00  -3.52706106
1965.00  -2.81831982
1966.00  -2.74095594
1967.00  -2.49567517
1968.00  -2.39648813
1969.00  -3.08249106
1970.00  -2.96640233
1971.00  -3.30953433
1972.00  -2.21496095
1973.00  -3.17039076
1974.00  -3.58444732
1975.00  -3.71798628
1976.00  -2.75100960
1977.00  -3.80639289
1978.00  -2.27828246
1979.00  -3.56431384
1980.00  -3.02022680
1981.00  -2.74342873
1982.00  -3.03635844
1983.00  -2.97429628
1984.00  -3.52545488
1985.00  -2.79300798
1986.00  -2.73510191
1987.00  -2.44843778
1988.00  -2.39690154
1989.00  -3.07014198
1990.00  -3.03753649
1991.00  -3.38673609
1992.00  -2.23384479
1993.00  -3.16648945
1994.00  -3.62730496
1995.00  -3.71691781
1996.00  -2.75996217
1997.00  -3.77609810
1998.00  -2.28306509
1999.00  -3.57918083
2000.00  -2.99225588
2001.00  -2.77287878
2002.00  -3.05948783
2003.00  -3.06064562
2004.00  -3.52306382
2005.00  -2.80987219
2006.00  -2.73279878
2007.00  -2.38258923
2008.00  -2.39376838
2009.00  -2.93137627
2010.00  -3.04611135
2011.00  -3.31561654
2012.00  -2.20676190
2013.00  -3.17947580
2014.00  -3.59541525
2015.00  -3.70684536
2016.00  -2.81710853
2017.00  -3.77542010
2018.00  -2.23656795
2019.00  -3.57361037
2020.00  -3.00051115
2021.00  -2.80851585
2022.00  -2.92837269
2023.00  -3.06352465
2024.00  -3.45219169
2025.00  -2.80553430
2026.00  -2.72858728
2027.00  -2.43026889
2028.00  -2.29780507
2029.00  -3.03463735
2030.00  -3.06631526
2031.00  -3.39020603
2032.00  -2.23499139
2033.00  -3.17913598
2034.00  -3.62951394
2035.00  -3.72444025
2036.00  -2.75592762
2037.00  -3.78936479
2038.00  -2.28354389
2039.00  -3.55257118
2040.00  -3.01292632
2041.00  -2.80683767
2042.00  -3.10338540
2043.00  -3.07845741
2044.00  -3.40635475
2045.00  -2.83716622
2046.00  -2.74140617
2047.00  -2.50000598
2048.00  -2.37848414
2049.00  -3.07849623
2050.00  -3.06328270
2051.00  -3.38369205
2052.00  -2.24580833
2053.00  -3.16031472
2054.00  -3.62587933
2055.00  -3.67588627
2056.00  -2.77044544
2057.00  -3.75085420
2058.00  -2.27757807
2059.00  -3.43598610
2060.00  -3.01593067
2061.00  -2.80814818
2062.00  -3.00281967
2063.00  -3.08796210
2064.00  -3.52031892
2065.00  -2.83057103
2066.00  -2.59244340
2067.00  -2.49832771
2068.00  -2.40005392
2069.00  -3.05806302
2070.00  -3.06877848
2071.00  -3.27363728
2072.00  -2.23994866
2073.00  -3.17972581
2074.00  -3.62167521
2075.00  -3.68979895
2076.00  -2.77558264
2077.00  -3.73153284
2078.00  -2.25958928
2079.00  -3.58015607
2080.00  -3.01890419
2081.00  -2.80892909
2082.00  -3.09421281
2083.00  -3.08127317
2084.00  -3.52817849
2085.00  -2.70489383
2086.00  -2.74131513
2087.00  -2.49629161
2088.00  -2.39286831
2089.00  -3.07660017
2090.00  -3.05444940
2091.00  -3.38874759
2092.00  -2.25282782
2093.00  -3.17860012
2094.00  -3.62749161
2095.00  -3.69783192
2096.00  -2.76018411
2097.00  -3.80201140
2098.00  -2.25267953
2099.00  -3.57884200
2100.00  -3.02092056
2101.00  -2.78023278
2102.00  -3.10000779
2103.00  -3.08897851
2104.00  -3.52345300
2105.00  -2.79877203
2106.00  -2.73135199
2107.00  -2.49965167
2108.00  -2.38886680
2109.00  -3.02741037
2110.00  -3.06292220
2111.00  -3.39166219
2112.00  -2.23708398
2113.00  -3.18092095
2114.00  -3.62915042
2115.00  -3.69297470
2116.00  -2.80868626
2117.00  -3.79414633
2118.00  -2.23907468
2119.00  -3.58001189
2120.00  -3.02201425
2121.00  -2.79390041
2122.00  -3.07435256
2123.00  -3.08097312
2124.00  -3.51582052
2125.00  -2.81480682
2126.00  -2.74115941
2127.00  -2.48718913
2128.00  -2.38813590
2129.00  -3.08360794
2130.00  -3.04266213
2131.00  -3.37052817
2132.00  -2.24298983
2133.00  -3.15393448
2134.00  -3.62108467
2135.00  -3.68668257
2136.00  -2.80991105
2137.00  -3.80039214
2138.00  -2.26662617
2139.00  -3.55488286
2140.00  -3.01568481
2141.00  -2.80543596
2142.00  -2.96322944
2143.00  -3.03835735
2144.00  -3.52593210
2145.00  -2.80849951
2146.00  -2.74141050
2147.00  -2.46526891
2148.00  -2.39668279
2149.00  -3.04953660
2150.00  -3.05280231
2151.00  -3.38080473
2152.00  -2.25163579
2153.00  -3.18004981
2154.00  -3.60120244
2155.00  -3.72460935
2156.00  -2.81410924
2157.00  -3.80076287
2158.00  -2.26657427
2159.00  -3.56823477
2160.00  -2.96850264
2161.00  -2.72884087
2162.00  -3.09449379
2163.00  -3.08982399
2164.00  -3.52814912
2165.00  -2.76205948
2166.00  -2.73875699
2167.00  -2.49612619
2168.00  -2.39974606
2169.00  -3.07922956
2170.00  -3.01623379
2171.00  -3.36923979
2172.00  -2.23771917
2173.00  -3.13366722
2174.00  -3.61290953
2175.00  -3.63203500
2176.00  -2.79172380
2177.00  -3.75008908
2178.00  -2.28204103
2179.00  -3.52558659
2180.00  -3.01655287
2181.00  -2.78790859
2182.00  -3.10214539
2183.00  -3.08433060
2184.00  -3.40988343
2185.00  -2.78684748
2186.00  -2.70451706
2187.00  -2.44887564
2188.00  -2.39927964
2189.00  -3.02439111
2190.00  -3.05695728
2191.00  -3.37976936
2192.00  -2.20681688
2193.00  -3.18097823
2194.00  -3.60632801
2195.00  -3.71405489
2196.00  -2.81709218
2197.00  -3.80489803
2198.00  -2.27486926
2199.00  -3.58015871
2200.00  -3.02039064
2201.00  -2.80876505
2202.00  -3.03975113
2203.00  -3.05432068
2204.00  -3.52834737
2205.00  -2.80489480
2206.00  -2.72746110
2207.00  -2.47924746
2208.00  -2.37831337
2209.00  -3.00503634
2210.00  -3.05032382
2211.00  -3.36713287
2212.00  -2.24744913
2213.00  -3.16479870
2214.00  -3.58563328
2215.00  -3.70715414
2216.00  -2.77738974
2217.00  -3.71968613
2218.00  -2.27856832
2219.00  -3.55201623
2220.00  -2.97031613
2221.00  -2.80160290
2222.00  -3.06162042
2223.00  -3.06650920
2224.00  -3.51739131
2225.00  -2.81728963
2226.00  -2.73940991
2227.00  -2.41398443
2228.00  -2.39283754
2229.00  -3.01241543
2230.00  -3.06884342
2231.00  -3.38982349
2232.00  -2.23007599
2233.00  -3.18073486
2234.00  -3.60697855
2235.00  -3.71366735
2236.00  -2.81617256
2237.00  -3.80630059
2238.00  -2.28214325
2239.00  -3.58010441
2240.00  -3.02167549
2241.00  -2.77291041
2242.00  -3.09738011
2243.00  -3.08986134
2244.00  -3.50028654
2245.00  -2.84553302
2246.00  -2.62323729
2247.00  -2.46481856
2248.00  -2.38491384
2249.00  -3.07484530
2250.00  -3.02921218
2251.00  -3.39159959
2252.00  -2.25386438
2253.00  -3.17956005
2254.00  -3.61539019
2255.00  -3.72406367
2256.00  -2.81443521
2257.00  -3.74462100
2258.00  -2.27083352
2259.00  -3.56993420
2260.00  -3.02110052
2261.00  -2.80557165
2262.00  -3.07747666
2263.00  -3.08899007
2264.00  -3.52579108
2265.00  -2.81710763
2266.00  -2.74015431
2267.00  -2.47771561
2268.00  -2.38606565
2269.00  -3.07864402
2270.00  -3.06596102
2271.00  -3.38344590
2272.00  -2.24695311
2273.00  -3.15583286
2274.00  -3.62662898
2275.00  -3.71204941
2276.00  -2.80941595
2277.00  -3.76258012
2278.00  -2.25069711
2279.00  -3.57794030
2280.00  -3.02055039
2281.00  -2.80893058
2282.00  -3.09482936
2283.00  -2.98925053
2284.00  -3.43090427
2285.00  -2.84238016
2286.00  -2.73333664
2287.00  -2.49706809
2288.00  -2.38483318
2289.00  -3.05813897
2290.00  -3.05280567
2291.00  -3.33734696
2292.00  -2.25159516
2293.00  -3.14999569
2294.00  -3.62951375
2295.00  -3.71070413
2296.00  -2.79807949
2297.00  -3.74312612
2298.00  -2.27159276
2299.00  -3.55953917
2300.00  -3.01511772
2301.00  -2.79557747
2302.00  -2.98626486
2303.00  -3.08736130
2304.00  -3.52281627
2305.00  -2.81957182
2306.00  -2.72452456
2307.00  -2.46257607
2308.00  -2.38813559
2309.00  -3.07900319
2310.00  -3.06692404
2311.00  -3.39109927
2312.00  -2.23195097
2313.00  -3.15501500
2314.00  -3.61511299
2315.00  -3.62125448
2316.00  -2.81663022
2317.00  -3.79110966
2318.00  -2.21830079
2319.00  -3.55041814
2320.00  -3.01955059
2321.00  -2.76512984
2322.00  -3.10417121
2323.00  -3.08110202
2324.00  -3.51208174
2325.00  -2.84127159
2326.00  -2.72059689
2327.00  -2.49777276
2328.00  -2.39022554
2329.00  -3.05072334
2330.00  -3.02163833
2331.00  -3.37290430
2332.00  -2.25181733
2333.00  -3.17970327
2334.00  -3.62883290
2335.00  -3.68750183
2336.00  -2.81452872
2337.00  -3.78535099
2338.00  -2.26513193
2339.00  -3.57381202
2340.00  -2.94433124
2341.00  -2.79197942
2342.00  -3.10082918
2343.00  -3.08940619
2344.00  -3.52627002
2345.00  -2.84184531
2346.00  -2.73542219
2347.00  -2.49392551
2348.00  -2.39917551
2349.00  -3.03429687
2350.00  -3.00545825
2351.00  -3.37835520
2352.00  -2.24695008
2353.00  -3.18096684
2354.00  -3.62203425
2355.00  -3.71738219
2356.00  -2.80332170
2357.00  -3.80513772
2358.00  -2.27017473
2359.00  -3.57251078
2360.00  -2.92681231
2361.00  -2.75582499
2362.00  -3.07542363
2363.00  -3.07876766
2364.00  -3.51158204
2365.00  -2.84348873
2366.00  -2.73993178
2367.00  -2.49745497
2368.00  -2.35616515
2369.00  -3.08270166
2370.00  -3.06396013
2371.00  -3.23007767
2372.00  -2.25373818
2373.00  -3.18027006
2374.00  -3.60363319
2375.00  -3.72433208
2376.00  -2.80343732
2377.00  -3.76704398
2378.00  -2.27977250
2379.00  -3.57419326
2380.00  -3.00329388
2381.00  -2.78828844
2382.00  -3.05062855
2383.00  -3.05955205
2384.00  -3.52820674
2385.00  -2.79988319
2386.00  -2.74004485
2387.00  -2.48803780
2388.00  -2.38612449
2389.00  -3.07848417
2390.00  -3.03902062
2391.00  -3.37143852
2392.00  -2.21926641
2393.00  -3.09133954
2394.00  -3.58834454
2395.00  -3.72254077
2396.00  -2.81608198
2397.00  -3.77702770
2398.00  -2.27689091
2399.00  -3.57909531
2400.00  -3.00582069
2401.00  -2.79455147
2402.00  -3.10417985
2403.00  -3.06459622
2404.00  -3.51941381
2405.00  -2.84525897
2406.00  -2.74127484
2407.00  -2.50007096
2408.00  -2.39915203
2409.00  -3.06276532
2410.00  -3.04292387
2411.00  -3.38127095
2412.00  -2.19844442
2413.00  -3.17933524
2414.00  -3.61523222
2415.00  -3.61327513
2416.00  -2.80615526
2417.00  -3.80615888
2418.00  -2.25425415
2419.00  -3.55723720
2420.00  -3.01879665
2421.00  -2.80829295
2422.00  -3.10138373
2423.00  -3.08987888
2424.00  -3.51836081
2425.00  -2.83387436
2426.00  -2.73076102
2427.00  -2.48332939
2428.00  -2.38275129
2429.00  -3.04609445
2430.00  -3.05816377
2431.00  -3.38615357
2432.00  -2.24687035
2433.00  -3.14134009
2434.00  -3.62822573
2435.00  -3.69599787
2436.00  -2.79389189
2437.00  -3.74600333
2438.00  -2.28274979
2439.00  -3.57997540
2440.00  -3.00140827
2441.00  -2.80330855
2442.00  -3.07176162
2443.00  -3.08989321
2444.00  -3.50813021
2445.00  -2.80473607
2446.00  -2.71020592
2447.00  -2.42561799
2448.00  -2.33556338
2449.00  -3.08026985
2450.00  -3.06309795
2451.00  -3.36208134
2452.00  -2.23958825
2453.00  -3.17934549
2454.00  -3.62904440
2455.00  -3.68976417
2456.00  -2.80821203
2457.00  -3.78067282
2458.00  -2.28344093
2459.00  -3.58018594
2460.00  -3.01177143
2461.00  -2.80141943
2462.00  -3.09328792
2463.00  -3.02048152
2464.00  -3.49622300
2465.00  -2.84454537
2466.00  -2.68649847
2467.00  -2.49935232
2468.00  -2.36051942
2469.00  -3.06700262
2470.00  -3.06845940
2471.00  -3.38987932
2472.00  -2.25354625
2473.00  -3.16526891
2474.00  -3.59738038
2475.00  -3.72278666
2476.00  -2.79695724
2477.00  -3.78543569
2478.00  -2.27215216
2479.00  -3.58017196
2480.00  -3.02202568
2481.00  -2.80135936
2482.00  -2.84360965
2483.00  -3.07553404
2484.00  -3.51459731
2485.00  -2.84419545
2486.00  -2.67520905
2487.00  -2.49088128
2488.00  -2.37544054
2489.00  -3.06765959
2490.00  -3.04079544
2491.00  -3.38064674
2492.00  -2.23819608
2493.00  -3.14585714
2494.00  -3.60680460
2495.00  -3.69885593
2496.00  -2.81546132
2497.00  -3.78796412
2498.00  -2.17367153
2499.00  -3.56652288
2500.00  -2.92116729
2501.00  -2.80329695
2502.00  -3.08602227
2503.00  -3.01178056
2504.00  -3.52772640
2505.00  -2.83119724
2506.00  -2.71780561
2507.00  -2.45880740
2508.00  -2.37018259
2509.00  -3.02921740
2510.00  -3.04120078
2511.00  -3.37825490
2512.00  -2.25172902
2513.00  -3.16935954
2514.00  -3.62823688
2515.00  -3.72200733
2516.00  -2.80787159
2517.00  -3.80546337
2518.00  -2.27405164
2519.00  -3.55815262
2520.00  -3.02140905
2521.00  -2.70056402
2522.00  -3.09562232
2523.00  -3.02181877
2524.00  -3.52810309
2525.00  -2.82573061
2526.00  -2.71735520
2527.00  -2.49999641
2528.00  -2.39148576
2529.00  -3.07012272
2530.00  -3.04534842
2531.00  -3.38918216
2532.00  -2.24900575
2533.00  -3.14257977
2534.00  -3.61356690
2535.00  -3.72041390
2536.00  -2.80250076
2537.00  -3.80639881
2538.00  -2.27516933
2539.00  -3.57587631
2540.00  -2.98703149
2541.00  -2.78072304
2542.00  -3.09005506
2543.00  -3.08052391
2544.00  -3.47079657
2545.00  -2.83557542
2546.00  -2.70769039
2547.00  -2.48871498
2548.00  -2.39430318
2549.00  -3.03906655
2550.00  -3.05918637
2551.00  -3.39077580
2552.00  -2.23567265
2553.00  -3.18031696
2554.00  -3.61430491
2555.00  -3.70791199
2556.00  -2.81450268
2557.00  -3.80118826
2558.00  -2.22573589
2559.00  -3.55240225
2560.00  -3.00296296
2561.00  -2.80383528
2562.00  -3.09605394
2563.00  -3.08950809
2564.00  -3.51593860
2565.00  -2.84119080
2566.00  -2.72439694
2567.00  -2.49989974
2568.00  -2.39596535
2569.00  -3.07825356
2570.00  -3.06892933
2571.00  -3.31191175
2572.00  -2.10661941
2573.00  -3.16599944
2574.00  -3.61795786
2575.00  -3.72445202
2576.00  -2.81452017
2577.00  -3.77626385
2578.00  -2.27266351
2579.00  -3.57647585
2580.00  -3.00655111
2581.00  -2.79354676
2582.00  -3.10408702
2583.00  -3.08895789
2584.00  -3.52757286
2585.00  -2.84538854
2586.00  -2.72810777
2587.00  -2.49888274
2588.00  -2.39955778
2589.00  -3.07831623
2590.00  -3.05506433
2591.00  -3.38082841
2592.00  -2.24033394
2593.00  -3.14467918
2594.00  -3.61580266
2595.00  -3.68203181
2596.00  -2.81528838
2597.00  -3.75762936
2598.00  -2.25877268
2599.00  -3.57824841
2600.00  -3.00675416
2601.00  -2.80847368
2602.00  -3.09481305
2603.00  -3.08994999
2604.00  -3.52726534
2605.00  -2.84534234
2606.00  -2.70382131
2607.00  -2.49720323
2608.00  -2.39973004
2609.00  -3.05130144
2610.00  -3.06622680
2611.00  -3.34724249
2612.00  -2.24886235
2613.00  -3.17872355
2614.00  -3.60031723
2615.00  -3.72453259
2616.00  -2.81702612
2617.00  -3.78691689
2618.00  -2.26733325
2619.00  -3.53320188
2620.00  -3.02041526
2621.00  -2.80625742
2622.00  -3.09877909
2623.00  -3.08809825
2624.00  -3.49474411
2625.00  -2.84521137
2626.00  -2.69911062
2627.00  -2.47775263
2628.00  -2.38154038
2629.00  -3.06357712
2630.00  -3.03047869
2631.00  -3.38863963
2632.00  -2.25169467
2633.00  -3.17725156
2634.00  -3.47833705
2635.00  -3.71540739
2636.00  -2.77795197
2637.00  -3.77544841
2638.00  -2.25459823
2639.00  -3.56438362
2640.00  -3.00228239
2641.00  -2.79052719
2642.00  -3.10230249
2643.00  -3.06815278
2644.00  -3.51788367
2645.00  -2.83011183
2646.00  -2.73345327
2647.00  -2.49781058
2648.00  -2.35289685
2649.00  -3.07965780
2650.00  -3.04815027
2651.00  -3.37795909
2652.00  -2.22586527
2653.00  -3.18094703
2654.00  -3.62434898
2655.00  -3.71597243
2656.00  -2.81466877
2657.00  -3.78814567
2658.00  -2.27555732
2659.00  -3.58006072
2660.00  -3.01310579
2661.00  -2.78837989
2662.00  -2.99959152
2663.00  -3.08642610
2664.00  -3.52703761
2665.00  -2.83739192
2666.00  -2.74020356
2667.00  -2.50008075
2668.00  -2.38491366
2669.00  -3.07917212
2670.00  -3.06532563
2671.00  -3.27349870
2672.00  -2.25320343
2673.00  -3.17650617
2674.00  -3.59684870
2675.00  -3.71574145
2676.00  -2.79304085
2677.00  -3.80434000
2678.00  -2.27923352
2679.00  -3.57711812
2680.00  -3.02143200
2681.00  -2.80787838
2682.00  -3.09677255
2683.00  -3.08690672
2684.00  -3.52778715
2685.00  -2.81785640
2686.00  -2.73547646
2687.00  -2.47202624
2688.00  -2.39278331
2689.00  -2.99922604
2690.00  -3.06297807
2691.00  -3.38706440
2692.00  -2.24638613
2693.00  -3.17767675
2694.00  -3.61970398
2695.00  -3.71298823
2696.00  -2.81440693
2697.00  -3.80428369
2698.00  -2.24408969
2699.00  -3.57983943
2700.00  -3.01034598
2701.00  -2.79629067
2702.00  -3.08848448
2703.00  -3.07243730
2704.00  -3.50435180
2705.00  -2.84030119
2706.00  -2.73737294
2707.00  -2.48941463
2708.00  -2.39846831
2709.00  -3.06711619
2710.00  -3.06865414
2711.00  -3.36741239
2712.00  -2.23737824
2713.00  -3.17655462
2714.00  -3.62837517
2715.00  -3.71749139
2716.00  -2.80890854
2717.00  -3.75139025
2718.00  -2.28106519
2719.00  -3.57985890
2720.00  -2.98116458
2721.00  -2.80286178
2722.00  -3.01539207
2723.00  -3.05509924
2724.00  -3.51758137
2725.00  -2.80970073
2726.00  -2.71014983
2727.00  -2.48144364
2728.00  -2.39168109
2729.00  -2.94958711
2730.00  -3.02236484
2731.00  -3.37817744
2732.00  -2.25010728
2733.00  -3.13487828
2734.00  -3.58832771
2735.00  -3.72442726
2736.00  -2.79212187
2737.00  -3.80493153
2738.00  -2.28159831
2739.00  -3.57527284
2740.00  -3.02199948
2741.00  -2.78352167
2742.00  -3.10417425
2743.00  -3.04913342
2744.00  -3.52684183
2745.00  -2.79838270
2746.00  -2.73998840
2747.00  -2.49091545
2748.00  -2.39449795
2749.00  -3.07481628
2750.00  -2.86273090
2751.00  -3.38855145
2752.00  -2.23759406
2753.00  -3.18096697
2754.00  -3.62950095
2755.00  -3.72035375
2756.00  -2.81713981
2757.00  -3.79341743
2758.00  -2.28011641
2759.00  -3.57644408
2760.00  -3.01580116
2761.00  -2.80291847
2762.00  -3.08094830
2763.00  -3.08700864
2764.00  -3.51078918
2765.00  -2.82113980
2766.00  -2.73127250
2767.00  -2.49523838
2768.00  -2.39927860
2769.00  -3.03448999
2770.00  -3.06672672
2771.00  -3.27984459
2772.00  -2.22257227
2773.00  -3.17652331
2774.00  -3.62650605
2775.00  -3.72399551
2776.00  -2.78214118
2777.00  -3.78841071
2778.00  -2.28277917
2779.00  -3.57840426
2780.00  -2.92418154
2781.00  -2.74634041
2782.00  -3.10382819
2783.00  -3.08869529
2784.00  -3.49985051
2785.00  -2.81478464
2786.00  -2.74140708
2787.00  -2.45917349
2788.00  -2.40000884
2789.00  -3.08429969
2790.00  -3.00436137
2791.00  -3.35730074
2792.00  -2.24963176
2793.00  -3.17461316
2794.00  -3.62268544
2795.00  -3.68693250
2796.00  -2.76326101
2797.00  -3.77700447
2798.00  -2.23002493
2799.00  -3.56809342
2800.00  -2.95493641
2801.00  -2.80669086
2802.00  -3.03645111
2803.00  -3.07696265
2804.00  -3.52825323
2805.00  -2.84457691
2806.00  -2.73647560
2807.00  -2.47243047
2808.00  -2.39158833
2809.00  -3.04853620
2810.00  -3.06391510
2811.00  -3.36473558
2812.00  -2.20159677
2813.00  -3.03973591
2814.00  -3.61211386
2815.00  -3.72438427
2816.00  -2.80959910
2817.00  -3.78782512
2818.00  -2.28352697
2819.00  -3.55178811
2820.00  -2.99601794
2821.00  -2.80675848
2822.00  -3.09639278
2823.00  -3.08865160
2824.00  -3.52751593
2825.00  -2.81771940
2826.00  -2.73169356
2827.00  -2.50011718
2828.00  -2.34299480
2829.00  -3.08152208
2830.00  -3.05631699
2831.00  -3.38649914
2832.00  -2.24402164
2833.00  -3.15192308
2834.00  -3.62526326
2835.00  -3.68812527
2836.00  -2.79956149
2837.00  -3.76531264
2838.00  -2.27327912
2839.00  -3.52267375
2840.00  -2.99468176
2841.00  -2.80894086
2842.00  -3.09965064
2843.00  -3.08994991
2844.00  -3.50822487
2845.00  -2.84549317
2846.00  -2.67011554
2847.00  -2.47241629
2848.00  -2.38502311
2849.00  -3.08447942
2850.00  -3.06201875
2851.00  -3.35271376
2852.00  -2.16896998
2853.00  -3.16547455
2854.00  -3.62226512
2855.00  -3.70335428
2856.00  -2.69019893
2857.00  -3.79278018
2858.00  -2.25600653
2859.00  -3.57706745
2860.00  -2.99207112
2861.00  -2.77425619
2862.00  -3.10408661
2863.00  -3.08422081
2864.00  -3.52833881
2865.00  -2.84550591
2866.00  -2.64347241
2867.00  -2.48717938
2868.00  -2.30974809
2869.00  -3.05580762
2870.00  -3.01413691
2871.00  -3.37642800
2872.00  -2.25320815
2873.00  -3.10367761
2874.00  -3.60674208
2875.00  -3.72352930
2876.00  -2.81667744
2877.00  -3.78470284
2878.00  -2.23579315
2879.00  -3.49151902
2880.00  -3.02175863
2881.00  -2.78289617
2882.00  -3.03462482
2883.00  -2.98295247
2884.00  -3.52826684
2885.00  -2.79314148
2886.00  -2.71284682
2887.00  -2.43649113
2888.00  -2.34979780
2889.00  -3.08395371
2890.00  -3.05563433
2891.00  -3.38592047
2892.00  -2.25249779
2893.00  -3.16666266
2894.00  -3.62948631
2895.00  -3.72081072
2896.00  -2.80690210
2897.00  -3.78950230
2898.00  -2.27779189
2899.00  -3.46410844
2900.00  -3.01558728
2901.00  -2.79337891
2902.00  -3.10343896
2903.00  -3.08864788
2904.00  -3.49131603
2905.00  -2.83620359
2906.00  -2.71222008
2907.00  -2.49582086
2908.00  -2.28557419
2909.00  -3.08005312
2910.00  -3.04298357
2911.00  -3.39170724
2912.00  -2.25385945
2913.00  -3.15900857
2914.00  -3.62907561
2915.00  -3.67370330
2916.00  -2.81713979
2917.00  -3.77346760
2918.00  -2.28156801
2919.00  -3.57759425
2920.00  -3.02086403
2921.00  -2.58328111
2922.00  -3.10415063
2923.00  -3.08994050
2924.00  -3.52834209
2925.00  -2.81545302
2926.00  -2.72251247
2927.00  -2.48298509
2928.00  -2.39494594
2929.00  -3.07690305
2930.00  -3.06818352
2931.00  -3.37909960
2932.00  -2.24898157
2933.00  -3.16883189
2934.00  -3.59740853
2935.00  -3.72443245
2936.00  -2.76827899
2937.00  -3.80596109
2938.00  -2.27208157
2939.00  -3.51053231
2940.00  -3.01340324
2941.00  -2.75770898
2942.00  -3.09758025
2943.00  -3.08977988
2944.00  -3.52414936
2945.00  -2.81302391
2946.00  -2.74135981
2947.00  -2.49920539
2948.00  -2.38136120
2949.00  -3.07253172
2950.00  -3.06561537
2951.00  -3.38686390
2952.00  -2.24709986
2953.00  -3.16181955
2954.00  -3.51924362
2955.00  -3.71349263
2956.00  -2.80691762
2957.00  -3.76004649
2958.00  -2.16624176
2959.00  -3.56095633
2960.00  -3.00425284
2961.00  -2.80885294
2962.00  -3.06386125
2963.00  -3.08895406
2964.00  -3.51537906
2965.00  -2.80037122
2966.00  -2.69300969
2967.00  -2.49152371
2968.00  -2.37161441
2969.00  -3.07764984
2970.00  -3.05976534
2971.00  -3.39181702
2972.00  -2.22559963
2973.00  -3.12731337
2974.00  -3.55351622
2975.00  -3.71040068
2976.00  -2.78045063
2977.00  -3.80526865
2978.00  -2.27898825
2979.00  -3.57393067
2980.00  -3.02094736
2981.00  -2.80866505
2982.00  -3.05325960
2983.00  -3.06942027
2984.00  -3.52837070
2985.00  -2.82359513
2986.00  -2.74139136
2987.00  -2.48388597
2988.00  -2.33348513
2989.00  -3.07878086
2990.00  -3.06799143
2991.00  -3.39163651
2992.00  -2.15712210
2993.00  -3.17795990
2994.00  -3.62444650
2995.00  -3.72431324
2996.00  -2.65245672
2997.00  -3.80581449
2998.00  -2.28206091
2999.00  -3.53077674
3000.00  -3.01873413
3001.00  -2.80528555
3002.00  -3.09285890
3003.00  -3.06308309
3004.00  -3.52245814
3005.00  -2.83191634
3006.00  -2.72556685
3007.00  -2.49442595
3008.00  -2.35727314
3009.00  -3.00286804
3010.00  -3.06828336
3011.00  -3.37730776
3012.00  -2.25246651
3013.00  -3.17835575
3014.00  -3.61488655
3015.00  -3.71101886
3016.00  -2.81612725
3017.00  -3.79355080
3018.00  -2.24371039
3019.00  -3.57853908
3020.00  -2.99251712
3021.00  -2.79008835
3022.00  -3.09587755
3023.00  -3.08763294
3024.00  -3.43670590
3025.00  -2.84531897
3026.00  -2.73208600
3027.00  -2.49820317
3028.00  -2.37367263
3029.00  -3.08397691
3030.00  -3.02869743
3031.00  -3.38075950
3032.00  -2.19079675
3033.00  -3.09517235
3034.00  -3.60726133
3035.00  -3.72460943
3036.00  -2.78852132
3037.00  -3.79387548
3038.00  -2.28331907
3039.00  -3.52062195
3040.00  -3.01574877
3041.00  -2.78484697
3042.00  -3.02965967
3043.00  -3.08957775
3044.00  -3.52136214
3045.00  -2.84390871
3046.00  -2.70202595
3047.00  -2.45519930
3048.00  -2.34004013
3049.00  -3.05995673
3050.00  -3.06438542
3051.00  -3.39085065
3052.00  -2.24594209
3053.00  -3.11532293
3054.00  -3.57742875
3055.00  -3.65644864
3056.00  -2.81632812
3057.00  -3.80576160
3058.00  -2.25504234
3059.00  -3.57978380
3060.00  -3.02163464
3061.00  -2.79385235
3062.00  -3.10016406
3063.00  -3.08621283
3064.00  -3.48748440
3065.00  -2.78823506
3066.00  -2.73844840
3067.00  -2.49283488
3068.00  -2.39944491
3069.00  -3.07698284
3070.00  -2.96960402
3071.00  -3.35208954
3072.00  -2.22553359
3073.00  -3.16560598
3074.00  -3.62915543
3075.00  -3.72298987
3076.00  -2.81683220
3077.00  -3.80027484
3078.00  -2.27126274
3079.00  -3.57744830
3080.00  -2.95936530
3081.00  -2.78363082
3082.00  -3.10378411
3083.00  -3.04481832
3084.00  -3.52684709
3085.00  -2.68417666
3086.00  -2.73823568
3087.00  -2.44407965
3088.00  -2.37221329
3089.00  -3.06630925
3090.00  -3.01429370
3091.00  -3.29911125
3092.00  -2.23369720
3093.00  -3.15041001
3094.00  -3.62671672
3095.00  -3.72210510
3096.00  -2.81615000
3097.00  -3.80563630
3098.00  -2.26771645
3099.00  -3.56335460
3100.00  -3.01882312
3101.00  -2.80590264
3102.00  -3.10329610
3103.00  -3.00547178
3104.00  -3.52174882
3105.00  -2.78483643
3106.00  -2.72933485
3107.00  -2.47032642
3108.00  -2.39367531
3109.00  -3.07606638
3110.00  -3.06892735
3111.00  -3.36740600
3112.00  -2.25386201
3113.00  -3.11827940
3114.00  -3.62318413
3115.00  -3.72439668
3116.00  -2.81710447
3117.00  -3.80623605
3118.00  -2.28337142
3119.00  -3.57813535
3120.00  -3.01856817
3121.00  -2.67174094
3122.00  -3.10394687
3123.00  -3.08885326
3124.00  -3.52836508
3125.00  -2.84459865
3126.00  -2.72592210
3127.00  -2.45273154
3128.00  -2.39990959
3129.00  -3.08430045
3130.00  -3.03292330
3131.00  -3.37616216
3132.00  -2.25371313
3133.00  -3.18041598
3134.00  -3.62398076
3135.00  -3.70844685
3136.00  -2.80237298
3137.00  -3.80280971
3138.00  -2.20220695
3139.00  -3.57727087
3140.00  -3.00085289
3141.00  -2.76004506
3142.00  -3.07607028
3143.00  -3.07933112
3144.00  -3.52060817
3145.00  -2.83955160
3146.00  -2.53763570
3147.00  -2.36702922
3148.00  -2.38969135
3149.00  -3.07106395
3150.00  -3.01648845
3151.00  -3.33171629
3152.00  -2.15803449
3153.00  -3.16912909
3154.00  -3.61342068
3155.00  -3.69052620
3156.00  -2.79482874
3157.00  -3.79311856
3158.00  -2.25652259
3159.00  -3.54923286
3160.00  -3.01987274
3161.00  -2.80797858
3162.00  -3.10414177
3163.00  -3.04979516
3164.00  -3.52806600
3165.00  -2.84255447
3166.00  -2.73886184
3167.00  -2.45827743
3168.00  -2.39795340
3169.00  -3.08209732
3170.00  -3.01185130
3171.00  -3.37815035
3172.00  -2.16648327
3173.00  -3.11771816
3174.00  -3.62904631
3175.00  -3.72460572
3176.00  -2.77980810
3177.00  -3.80481184
3178.00  -2.23804944
3179.00  -3.56907358
3180.00  -2.94245999
3181.00  -2.78037712
3182.00  -3.01751287
3183.00  -3.08358702
3184.00  -3.48997936
3185.00  -2.83214196
3186.00  -2.73888613
3187.00  -2.46471234
3188.00  -2.40007738
3189.00  -3.05784735
3190.00  -3.04678755
3191.00  -3.38970159
3192.00  -2.18682276
3193.00  -3.10975103
3194.00  -3.62435895
3195.00  -3.65699119
3196.00  -2.77329870
3197.00  -3.80624510
3198.00  -2.27781099
3199.00  -3.53915627
3200.00  -3.01645344
3201.00  -2.80255280
3202.00  -3.03521524
3203.00  -3.08701844
3204.00  -3.45134469
3205.00  -2.82507428
3206.00  -2.73917563
3207.00  -2.49701573
3208.00  -2.36568065
3209.00  -3.08270330
3210.00  -3.02224237
3211.00  -3.38887274
3212.00  -2.21154174
3213.00  -3.17877222
3214.00  -3.62223821
3215.00  -3.71058608
3216.00  -2.81666643
3217.00  -3.78754887
3218.00  -2.27116379
3219.00  -3.56309087
3220.00  -3.01616003
3221.00  -2.80672069
3222.00  -3.09333627
3223.00  -3.07880380
3224.00  -3.52290565
3225.00  -2.84549690
3226.00  -2.69776852
3227.00  -2.45007615
3228.00  -2.39359308
3229.00  -3.08408722
3230.00  -3.06888212
3231.00  -3.28140344
3232.00  -2.19901824
3233.00  -3.17928191
3234.00  -3.56921223
3235.00  -3.71820247
3236.00  -2.80632131
3237.00  -3.79067956
3238.00  -2.28094356
3239.00  -3.55437742
3240.00  -2.97653188
3241.00  -2.73688250
3242.00  -3.05216326
3243.00  -3.07048810
3244.00  -3.50421988
3245.00  -2.83283664
3246.00  -2.73134609
3247.00  -2.45514189
3248.00  -2.34958970
3249.00  -3.08341879
3250.00  -3.06521052
3251.00  -3.34883948
3252.00  -2.23344276
3253.00  -3.18046785
3254.00  -3.62061822
3255.00  -3.71666909
3256.00  -2.80641715
3257.00  -3.80341495
3258.00  -2.22965497
3259.00  -3.57147923
3260.00  -3.00640918
3261.00  -2.80461343
3262.00  -3.06579988
3263.00  -3.08891441
3264.00  -3.52789699
3265.00  -2.79301824
3266.00  -2.74108695
3267.00  -2.37819529
3268.00  -2.39499014
3269.00  -3.08127837
3270.00  -3.05272487
3271.00  -3.39076712
3272.00  -2.25008263
3273.00  -3.18055387
3274.00  -3.62758138
3275.00  -3.71915921
3276.00  -2.81667061
3277.00  -3.76460198
3278.00  -2.16146852
3279.00  -3.56093835
3280.00  -3.01889051
3281.00  -2.79367237
3282.00  -3.06138579
3283.00  -3.07018653
3284.00  -3.50330372
3285.00  -2.84524682
3286.00  -2.73769845
3287.00  -2.50012593
3288.00  -2.40005519
3289.00  -3.06954154
3290.00  -3.05629084
3291.00  -3.39116776
3292.00  -2.25092043
3293.00  -3.15732062
3294.00  -3.53002239
3295.00  -3.72445907
3296.00  -2.81304653
3297.00  -3.80567167
3298.00  -2.26982927
3299.00  -3.56921574
3300.00  -2.97143981
3301.00  -2.80870747
3302.00  -3.09859771
3303.00  -3.07130978
3304.00  -3.52836328
3305.00  -2.83308463
3306.00  -2.70554504
3307.00  -2.47088090
3308.00  -2.35549478
3309.00  -3.08264003
3310.00  -3.01517253
3311.00  -3.31772619
3312.00  -2.14872453
3313.00  -3.15627898
3314.00  -3.61802754
3315.00  -3.72413072
3316.00  -2.77040879
3317.00  -3.80417036
3318.00  -2.28341380
3319.00  -3.57683216
3320.00  -3.01259212
3321.00  -2.75023820
3322.00  -3.09860994
3323.00  -3.08793537
3324.00  -3.51314945
3325.00  -2.84527035
3326.00  -2.74044047
3327.00  -2.50012094
3328.00  -2.32946632
3329.00  -3.08038316
3330.00  -3.06733936
3331.00  -3.33891247
3332.00  -2.25328928
3333.00  -3.11712734
3334.00  -3.54606985
3335.00  -3.72179375
3336.00  -2.81347728
3337.00  -3.76002435
3338.00  -2.20250311
3339.00  -3.57990533
3340.00  -3.01782450
3341.00  -2.80796511
3342.00  -3.10417675
3343.00  -3.08977552
3344.00  -3.50657543
3345.00  -2.83453735
3346.00  -2.74140630
3347.00  -2.49748584
3348.00  -2.30225428
3349.00  -3.04954132
3350.00  -3.06108998
3351.00  -3.37978826
3352.00  -2.25235988
3353.00  -3.11378963
3354.00  -3.50335263
3355.00  -3.72460880
3356.00  -2.76433502
3357.00  -3.80032644
3358.00  -2.23586633
3359.00  -3.54145609
3360.00  -3.00590611
3361.00  -2.63974116
3362.00  -3.10413186
3363.00  -3.08890797
3364.00  -3.45212489
3365.00  -2.84376450
3366.00  -2.54584437
3367.00  -2.49636754
3368.00  -2.33571284
3369.00  -2.96670579
3370.00  -3.04877427
3371.00  -3.31698236
3372.00  -2.24779570
3373.00  -3.09919971
3374.00  -3.62878882
3375.00  -3.71446149
3376.00  -2.81621984
3377.00  -3.80338066
3378.00  -2.27560898
3379.00  -3.58016847
3380.00  -3.02147605
3381.00  -2.79039344
3382.00  -3.03333563
3383.00  -3.04190892
3384.00  -3.52719237
3385.00  -2.84446869
3386.00  -2.74034489
3387.00  -2.48350959
3388.00  -2.39538712
3389.00  -3.07481405
3390.00  -3.03002921
3391.00  -3.39176231
3392.00  -2.25301533
3393.00  -3.14644839
3394.00  -3.57019716
3395.00  -3.72155421
3396.00  -2.68762654
3397.00  -3.76553268
3398.00  -2.28040502
3399.00  -3.56767001
3400.00  -3.01823129
3401.00  -2.79991812
3402.00  -3.10369953
3403.00  -3.07125446
3404.00  -3.52768494
3405.00  -2.84526617
3406.00  -2.73541895
3407.00  -2.49845372
3408.00  -2.36791857
3409.00  -3.08159620
3410.00  -3.05726277
3411.00  -3.36783593
3412.00  -2.20703139
3413.00  -3.16690568
3414.00  -3.62831755
3415.00  -3.72050179
3416.00  -2.80350660
3417.00  -3.79123449
3418.00  -2.22776355
3419.00  -3.51144318
3420.00  -2.98239187
3421.00  -2.80829744
3422.00  -3.09198939
3423.00  -3.08991917
3424.00  -3.51660068
3425.00  -2.83725875
3426.00  -2.71175030
3427.00  -2.44018389
3428.00  -2.39952250
3429.00  -3.06005672
3430.00  -3.04556966
3431.00  -3.39018049
3432.00  -2.20725581
3433.00  -3.16662376
3434.00  -3.62741804
3435.00  -3.72167763
3436.00  -2.81567639
3437.00  -3.72037496
3438.00  -2.26376980
3439.00  -3.53228965
3440.00  -3.02190298
3441.00  -2.76298303
3442.00  -3.05655812
3443.00  -3.08486979
3444.00  -3.52512806
3445.00  -2.78057792
3446.00  -2.73897332
3447.00  -2.49736624
3448.00  -2.38101941
3449.00  -3.08053459
3450.00  -3.06891148
3451.00  -3.33065444
3452.00  -2.20683083
3453.00  -3.08840728
3454.00  -3.61166016
3455.00  -3.72221435
3456.00  -2.73088348
3457.00  -3.79315750
3458.00  -2.28346600
3459.00  -3.57561248
3460.00  -3.02039837
3461.00  -2.80869999
3462.00  -3.08732904
3463.00  -3.08331638
3464.00  -3.52113722
3465.00  -2.83631674
3466.00  -2.72907137
3467.00  -2.46627220
3468.00  -2.39139266
3469.00  -3.08091495
3470.00  -3.06661147
3471.00  -3.33171073
3472.00  -2.21242112
3473.00  -3.17782661
3474.00  -3.62756128
3475.00  -3.70336279
3476.00  -2.80704836
3477.00  -3.80639083
3478.00  -2.25887791
3479.00  -3.52219239
3480.00  -2.90817472
3481.00  -2.80667784
3482.00  -3.09638571
3483.00  -3.06969126
3484.00  -3.50961295
3485.00  -2.84554915
3486.00  -2.74120986
3487.00  -2.48152071
3488.00  -2.38471652
3489.00  -3.06856056
3490.00  -3.04809460
3491.00  -3.31754031
3492.00  -2.23265244
3493.00  -3.16891399
3494.00  -3.58869464
3495.00  -3.72460957
3496.00  -2.81607253
3497.00  -3.80615976
3498.00  -2.28342859
3499.00  -3.53914441
3500.00  -3.02106757
3501.00  -2.80861915
3502.00  -3.10231787
3503.00  -3.08930625
3504.00  -3.49385029
3505.00  -2.84066494
3506.00  -2.70317495
3507.00  -2.45239428
3508.00  -2.39377399
3509.00  -3.05739501
3510.00  -3.06889402
3511.00  -3.35287180
3512.00  -2.20195461
3513.00  -3.17840960
3514.00  -3.58681079
3515.00  -3.69614739
3516.00  -2.80694429
3517.00  -3.80614454
3518.00  -2.28227250
3519.00  -3.56616944
3520.00  -3.00745646
3521.00  -2.79929395
3522.00  -3.09872861
3523.00  -3.08899293
3524.00  -3.51459132
3525.00  -2.78282796
3526.00  -2.71383213
3527.00  -2.49574004
3528.00  -2.33387896
3529.00  -3.07989813
3530.00  -3.06878296
3531.00  -3.26237206
3532.00  -2.24985860
3533.00  -3.17070871
3534.00  -3.60961727
3535.00  -3.52040154
3536.00  -2.80623132
3537.00  -3.80541071
3538.00  -2.22765870
3539.00  -3.56496637
3540.00  -3.00434296
3541.00  -2.77276220
3542.00  -3.07731968
3543.00  -3.08239927
3544.00  -3.50826169
3545.00  -2.83573417
3546.00  -2.71689661
3547.00  -2.34764937
3548.00  -2.33178576
3549.00  -3.04453890
3550.00  -3.06886957
3551.00  -3.35135020
3552.00  -2.24627410
3553.00  -3.15460737
3554.00  -3.57841724
3555.00  -3.70552875
3556.00  -2.81652358
3557.00  -3.79075742
3558.00  -2.28252209
3559.00  -3.53242322
3560.00  -2.98538055
3561.00  -2.80732295
3562.00  -3.10243089
3563.00  -3.08909871
3564.00  -3.46763477
3565.00  -2.82164198
3566.00  -2.73533082
3567.00  -2.45310216
3568.00  -2.40003319
3569.00  -3.06105341
3570.00  -3.02235564
3571.00  -3.39063123
3572.00  -2.25168591
3573.00  -3.18001871
3574.00  -3.62274280
3575.00  -3.58122217
3576.00  -2.76270041
3577.00  -3.79913628
3578.00  -2.28150005
3579.00  -3.53631066
3580.00  -3.02203515
3581.00  -2.77103688
3582.00  -3.07188236
3583.00  -3.07451370
3584.00  -3.51682491
3585.00  -2.83811524
3586.00  -2.74052399
3587.00  -2.49527526
3588.00  -2.37359937
3589.00  -3.08445002
3590.00  -3.06596521
3591.00  -3.37297979
3592.00  -2.25351273
3593.00  -3.18070486
3594.00  -3.60838324
3595.00  -3.71412618
3596.00  -2.81086629
3597.00  -3.80583189
3598.00  -2.28336608
3599.00  -3.57112652
3600.00  -3.02177650
3601.00  -2.80309589
3602.00  -3.10059065
3603.00  -3.06001087
3604.00  -3.51447758
3605.00  -2.82703206
3606.00  -2.72675818
3607.00  -2.46159196
3608.00  -2.36583638
3609.00  -3.07867954
3610.00  -3.01023759
3611.00  -3.36921465
3612.00  -2.21362328
3613.00  -3.12566303
3614.00  -3.62017359
3615.00  -3.72401254
3616.00  -2.81680003
3617.00  -3.80337742
3618.00  -2.27652448
3619.00  -3.56910329
3620.00  -3.02192245
3621.00  -2.80743430
3622.00  -3.10350832
3623.00  -3.08464815
3624.00  -3.52619732
3625.00  -2.79149119
3626.00  -2.71519533
3627.00  -2.49142178
3628.00  -2.39959379
3629.00  -3.06503778
3630.00  -3.06432025
3631.00  -3.37013997
3632.00  -2.24524871
3633.00  -3.17166921
3634.00  -3.62715011
3635.00  -3.70800893
3636.00  -2.78312728
3637.00  -3.80634407
3638.00  -2.27369360
3639.00  -3.57874519
3640.00  -3.01302648
3641.00  -2.79927279
3642.00  -3.09424889
3643.00  -3.08990378
3644.00  -3.52762163
3645.00  -2.83936418
3646.00  -2.73949197
3647.00  -2.49530578
3648.00  -2.39991062
3649.00  -3.08094603
3650.00  -3.06861070
3651.00  -3.38215380
3652.00  -2.20658791
3653.00  -3.17673275
3654.00  -3.62803938
3655.00  -3.72433517
3656.00  -2.81698119
3657.00  -3.79455766
3658.00  -2.28235339
3659.00  -3.54098177
3660.00  -3.02113645
3661.00  -2.80755751
3662.00  -3.04149512
3663.00  -3.03285015
3664.00  -3.51135326
3665.00  -2.83132578
3666.00  -2.73699018
3667.00  -2.48332025
3668.00  -2.38819180
3669.00  -3.07038139
3670.00  -3.06627517
3671.00  -3.36645045
3672.00  -2.24927700
3673.00  -3.18088588
3674.00  -3.62951935
3675.00  -3.71049139
3676.00  -2.74389010
3677.00  -3.80510155
3678.00  -2.08457412
3679.00  -3.56636966
3680.00  -3.01639855
3681.00  -2.80816714
3682.00  -3.10416622
3683.00  -3.06877176
3684.00  -3.52803425
3685.00  -2.83439277
3686.00  -2.73585597
3687.00  -2.47416522
3688.00  -2.35779917
3689.00  -3.07674893
3690.00  -3.06739283
3691.00  -3.39047295
3692.00  -2.23192880
3693.00  -3.13820105
3694.00  -3.60161150
3695.00  -3.72431970
3696.00  -2.81003184
3697.00  -3.80403062
3698.00  -2.28336965
3699.00  -3.54657326
3700.00  -3.02074001
3701.00  -2.80891038
3702.00  -3.09392298
3703.00  -3.08294730
3704.00  -3.52352876
3705.00  -2.78838119
3706.00  -2.69364817
3707.00  -2.48779832
3708.00  -2.36259461
3709.00  -3.08431832
3710.00  -3.05905544
3711.00  -3.24681759
3712.00  -2.20308649
3713.00  -3.18011352
3714.00  -3.62923021
3715.00  -3.71670305
3716.00  -2.81226411
3717.00  -3.80481963
3718.00  -2.27773773
3719.00  -3.57632708
3720.00  -2.97457080
3721.00  -2.80474263
3722.00  -3.09873821
3723.00  -2.98562075
3724.00  -3.52548679
3725.00  -2.84106703
3726.00  -2.66589961
3727.00  -2.46941799
3728.00  -2.39992484
3729.00  -3.08430454
3730.00  -3.06481840
3731.00  -3.35759043
3732.00  -2.23592492
3733.00  -3.17927144
3734.00  -3.61651400
3735.00  -3.72452538
3736.00  -2.81555501
3737.00  -3.77763964
3738.00  -2.28276220
3739.00  -3.57650728
3740.00  -2.95431782
3741.00  -2.80246155
3742.00  -3.10014176
3743.00  -3.05877391
3744.00  -3.52832093
3745.00  -2.83770209
3746.00  -2.73687665
3747.00  -2.43091871
3748.00  -2.39789718
3749.00  -3.08251634
3750.00  -3.04308308
3751.00  -3.38750318
3752.00  -2.23897362
3753.00  -3.16659396
3754.00  -3.61406275
3755.00  -3.71859300
3756.00  -2.80316659
3757.00  -3.80396588
3758.00  -2.28134425
3759.00  -3.53965531
3760.00  -3.01705319
3761.00  -2.68552111
3762.00  -3.10334771
3763.00  -3.08781569
3764.00  -3.52726154
3765.00  -2.83948088
3766.00  -2.73417606
3767.00  -2.49161904
3768.00  -2.39144294
3769.00  -3.06775683
3770.00  -3.01867374
3771.00  -3.38957747
3772.00  -2.23649946
3773.00  -3.17987842
3774.00  -3.61948495
3775.00  -3.70872336
3776.00  -2.81041659
3777.00  -3.78632629
3778.00  -2.24132378
3779.00  -3.57935845
3780.00  -3.01705159
3781.00  -2.79178890
3782.00  -3.08545547
3783.00  -3.07583035
3784.00  -3.41090840
3785.00  -2.84054250
3786.00  -2.72418083
3787.00  -2.49997470
3788.00  -2.39037236
3789.00  -2.98231397
3790.00  -3.04439037
3791.00  -3.38473258
3792.00  -2.24346749
3793.00  -3.17163335
3794.00  -3.62698084
3795.00  -3.70508459
3796.00  -2.81156622
3797.00  -3.79898399
3798.00  -2.23534273
3799.00  -3.57991820
3800.00  -3.02115619
3801.00  -2.78685928
3802.00  -3.08528115
3803.00  -3.05104498
3804.00  -3.52716974
3805.00  -2.81861596
3806.00  -2.72851846
3807.00  -2.48566937
3808.00  -2.39320083
3809.00  -3.05996129
3810.00  -3.06879972
3811.00  -3.38238503
3812.00  -2.20671529
3813.00  -3.17376689
3814.00  -3.48616916
3815.00  -3.70994160
3816.00  -2.76753178
3817.00  -3.79209106
3818.00  -2.28334584
3819.00  -3.57702275
3820.00  -3.01386532
3821.00  -2.80574565
3822.00  -3.10150102
3823.00  -3.08478906
3824.00  -3.52612716
3825.00  -2.84253675
3826.00  -2.73277168
3827.00  -2.45400146
3828.00  -2.35627569
3829.00  -3.08386417
3830.00  -3.06852068
3831.00  -3.38581897
3832.00  -2.25240459
3833.00  -3.16674901
3834.00  -3.59974745
3835.00  -3.72445675
3836.00  -2.80195543
3837.00  -3.80623675
3838.00  -2.26258092
3839.00  -3.57945430
3840.00  -2.97803606
3841.00  -2.77476124
3842.00  -3.08507280
3843.00  -3.07930356
3844.00  -3.52384357
3845.00  -2.83239127
3846.00  -2.73975198
3847.00  -2.50005637
3848.00  -2.36054241
3849.00  -3.08437843
3850.00  -3.06825701
3851.00  -3.39184776
3852.00  -2.24102360
3853.00  -3.15656164
3854.00  -3.62072345
3855.00  -3.72182003
3856.00  -2.80164564
3857.00  -3.80250018
3858.00  -2.28316096
3859.00  -3.57792364
3860.00  -3.02054237
3861.00  -2.80150668
3862.00  -3.08261391
3863.00  -3.06803353
3864.00  -3.50739399
3865.00  -2.84540878
3866.00  -2.73752127
3867.00  -2.49951207
3868.00  -2.24902492
3869.00  -3.06060207
3870.00  -3.05885157
3871.00  -3.37246863
3872.00  -2.22272547
3873.00  -3.11596540
3874.00  -3.62280940
3875.00  -3.72456948
3876.00  -2.73956547
3877.00  -3.80444043
3878.00  -2.28125239
3879.00  -3.57994816
3880.00  -3.02125484
3881.00  -2.75832064
3882.00  -3.10289114
3883.00  -3.07621753
3884.00  -3.51051845
3885.00  -2.84043349
3886.00  -2.73109869
3887.00  -2.49369270
3888.00  -2.38030081
3889.00  -3.02903556
3890.00  -3.06695964
3891.00  -3.37070319
3892.00  -2.12553075
3893.00  -3.17175891
3894.00  -3.62229993
3895.00  -3.69977160
3896.00  -2.80251479
3897.00  -3.80067915
3898.00  -2.26243701
3899.00  -3.53411023
3900.00  -3.02039863
3901.00  -2.73684868
3902.00  -3.07951825
3903.00  -3.01662870
3904.00  -3.47538339
3905.00  -2.83372746
3906.00  -2.73290075
3907.00  -2.47744322
3908.00  -2.39770215
3909.00  -3.08448999
3910.00  -3.06892670
3911.00  -3.39102061
3912.00  -2.19403928
3913.00  -3.15708976
3914.00  -3.53025324
3915.00  -3.72356792
3916.00  -2.80567989
3917.00  -3.79755502
3918.00  -2.25691786
3919.00  -3.57356434
3920.00  -3.02157272
3921.00  -2.77657533
3922.00  -3.08930887
3923.00  -3.07783556
3924.00  -3.49855740
3925.00  -2.79285113
3926.00  -2.74119600
3927.00  -2.49859075
3928.00  -2.32990623
3929.00  -3.08346110
3930.00  -3.06807175
3931.00  -3.38962646
3932.00  -2.20371611
3933.00  -3.18090781
3934.00  -3.62950947
3935.00  -3.71676223
3936.00  -2.76531722
3937.00  -3.78686159
3938.00  -2.28265346
3939.00  -3.55339972
3940.00  -3.02075597
3941.00  -2.80657040
3942.00  -3.10050981
3943.00  -3.08855238
3944.00  -3.46600594
3945.00  -2.84554000
3946.00  -2.74077838
3947.00  -2.37846097
3948.00  -2.34311762
3949.00  -3.06436174
3950.00  -3.02585395
3951.00  -3.30430760
3952.00  -2.22473936
3953.00  -3.12320678
3954.00  -3.54104422
3955.00  -3.72377039
3956.00  -2.81339509
3957.00  -3.80323074
3958.00  -2.28313157
3959.00  -3.56949726
3960.00  -3.00881929
3961.00  -2.80178419
3962.00  -2.89511434
3963.00  -3.08993824
3964.00  -3.50807402
3965.00  -2.84533193
3966.00  -2.71404286
3967.00  -2.46797522
3968.00  -2.39779100
3969.00  -3.04048340
3970.00  -3.06635490
3971.00  -3.38983863
3972.00  -2.23802203
3973.00  -3.15706070
3974.00  -3.62418968
3975.00  -3.70925947
3976.00  -2.77518918
3977.00  -3.80099066
3978.00  -2.28329759
3979.00  -3.55885640
3980.00  -3.00848135
3981.00  -2.79423306
3982.00  -3.09239111
3983.00  -3.07957457
3984.00  -3.51709552
3985.00  -2.80025047
3986.00  -2.73983238
3987.00  -2.49584627
3988.00  -2.37807877
3989.00  -3.08029371
3990.00  -3.02653569
3991.00  -3.39182867
3992.00  -2.25211297
3993.00  -3.16212095
3994.00  -3.49223756
3995.00  -3.71446450
3996.00  -2.78512001
3997.00  -3.74066676
3998.00  -2.26229733
3999.00  -3.54688184
4000.00  -3.02166045
