-0.02751572,0.06036584,0.17812519,0.17736583,-0.18651226,-0.10511071,-0.0417382,0.14021623,-0.1367747,-0.0292535,0.12708484,0.00660093,0.04512902,-0.03222097,0.07884092,0.0928736,-0.04907904,0.17972006,0.05906966,-0.06357857
-0.02764649,-0.18575829,0.00407308,0.02829702,0.00635612,0.04334301,0.04228604,0.12995283,-0.10497932,-0.17864117,0.08160431,-0.03282085,-0.12145656,0.11118329,-0.0507497,0.08987305,0.03772157,0.14523916,0.04469451,0.06458248
0.03654899,-0.10970612,0.1930213,0.06229361,0.06572843,-0.14633834,0.08539354,0.0580489,-0.0918601,0.07948651,0.05175351,0.04946145,0.06639297,-0.0710172,-0.13068376,-0.07415888,-0.14676592,-0.03916747,0.08416589,0.00827838
-0.09581238,0.02257299,0.02176654,-0.08232393,-0.1012768,0.12152579,0.01562754,-0.04002573,-0.04417791,0.04481023,-0.16645908,0.02148902,0.05495631,0.13923379,-0.06192276,-0.00126013,0.07736124,0.16292121,-0.1409975,-0.17472826
-0.16435078,0.04668992,0.01121073,0.14965444,-0.05865023,-0.1718932,0.07410401,0.10876955,0.07566701,0.1629694,-0.13749934,-0.10520106,0.04775179,0.12221769,0.23707322,0.01145859,0.02790693,0.07520798,-0.02602569,-0.00259932
0.04090183,0.08191214,0.03196615,0.24150057,-0.01140319,0.01180162,0.0999691,-0.0357659,-0.00550262,0.02414564,-0.27351803,0.01935141,-0.01453956,0.14545757,-0.03966894,0.17289032,0.02518925,-0.06185533,0.09763287,0.01309906
-0.02549208,-0.00780433,-0.03146493,-0.03084184,0.04012682,-0.01294207,0.13276832,0.06707865,-0.06917149,-0.00492184,-0.0326731,0.03032483,0.20565003,0.17071911,0.05107418,-0.01876889,-0.05894294,0.11432765,0.01303679,0.05864628
0.04203941,-0.0324321,0.13410964,0.12136633,-0.05027848,-0.11163632,-0.0922072,-0.00010418,0.01534896,-0.09039699,-0.09383319,0.04338906,-0.01531533,0.04024378,-0.06525524,-0.19576909,0.00676932,-0.004732,-0.0696919,0.04575482
-0.15715139,0.16364781,0.05548314,-0.05854321,-0.05104439,0.04927022,-0.06508255,0.09268725,-0.01881164,0.03208291,0.1420298,-0.11899619,-0.09284442,0.13095525,0.01153459,0.28281264,0.02740986,0.01156876,-0.1070368,-0.07097021
0.07149528,-0.06168434,-0.09554569,0.01355604,0.06379688,-0.03669768,0.10614098,0.00563775,0.00854127,0.18360213,0.06753635,-0.15458351,0.0353632,-0.00924403,0.06383948,-0.08629596,-0.08864457,-0.12231659,-0.01856429,-0.17205094
-0.01685314,-0.00813077,-0.00377175,0.20913894,-0.04106296,0.29575702,-0.16873889,0.02902574,-0.14693524,0.04490618,-0.16958948,0.00604606,-0.11476125,0.19939362,0.09208917,0.16227008,-0.04875473,-0.11955819,-0.14194698,0.04682196
0.00260186,0.20055364,-0.11296313,0.06542369,0.14191667,-0.08256128,0.00531068,-0.08558546,0.17681183,0.01828707,0.04310218,-0.02288181,0.03939967,-0.05258746,-0.24469601,0.01552454,-0.0834079,0.00784677,0.131271,-0.01351244
-0.03260227,0.02835021,-0.00115687,0.00362674,-0.1098303,0.03756826,0.01700548,0.1139668,0.16574637,0.03382479,-0.18189706,-0.08022713,-0.05744244,-0.02342555,-0.03052008,0.16394457,-0.18972356,0.13185196,0.0532359,0.06015977
-0.01531448,0.00171237,0.08278073,0.06989248,-0.10061885,-0.2244176,0.01023009,0.0901808,-0.30057981,0.06592365,0.0760341,-0.01699161,0.0708616,0.06287565,-0.07635677,0.11876705,0.11639556,0.04379103,0.07643583,0.01720878
-0.10928699,-0.04889915,-0.09187654,-0.20317042,0.06390056,0.11358884,-0.07856089,-0.10122023,-0.10083766,0.15211596,0.06632699,0.00712163,-0.05844261,0.10146398,-0.02269435,0.06440544,0.02008774,-0.00290348,-0.09923139,0.1983578
0.13583287,-0.0911798,-0.01496364,-0.04011401,-0.05775825,0.20038541,-0.05096431,0.0088893,-0.00196981,-0.07380736,-0.11521638,-0.19476017,0.00262959,-0.08258933,-0.07179923,-0.1940978,0.09875455,-0.16631172,0.20633137,-0.20820361
-0.06188809,0.07575225,0.10286275,0.00528401,0.02108567,0.1152476,-0.03522939,0.05155604,0.09621755,0.03871574,-0.02251958,0.02494259,-0.19160091,0.07112053,0.15629031,-0.08253795,-0.05681337,-0.07236738,-0.10089986,0.07305138
0.08820325,-0.06144982,-0.01131869,0.07522321,0.05022536,0.17715138,0.00256906,-0.0005188,0.10343927,-0.16025832,0.0322434,0.23120269,0.0025913,-0.05099704,0.1390458,-0.14575637,0.06663064,0.02247302,0.2098755,0.04794454
-0.15374331,0.25413368,-0.04259902,-0.13051173,-0.06076439,-0.18819511,0.03891235,0.00277655,0.0014656,0.14766584,0.02531998,0.06534927,-0.01650806,0.05363197,-0.05592527,-0.04316068,-0.1870828,-0.04731817,-0.11951048,-0.02947039
-0.16920243,0.0187102,0.12994255,-0.01773422,0.12669243,-0.06429518,0.05889798,0.04917258,-0.0317791,-0.10803483,-0.02366946,0.10375088,-0.05056729,0.11492499,-0.16583384,-0.06585508,-0.11747283,0.04059811,0.05611619,0.07636833
-0.07043891,-0.10942659,0.1129088,0.11184478,-0.0225268,0.00718582,-0.13792214,0.00299115,-0.03974782,0.16917745,0.07551171,0.05238836,-0.04743686,-0.00197495,0.31379809,0.15527221,0.0062457,0.04462589,0.0216111,-0.0165013
-0.00391443,0.00788228,-0.0684109,0.0108209,-0.01931596,-0.01818321,-0.04003808,-0.0209644,-0.01037542,0.1330781,-0.05419812,0.09791138,0.02755429,0.14491379,-0.03070058,-0.07267112,0.12788732,-0.27642084,-0.05681663,0.2763304
-0.0550095,-0.17339624,-0.03874186,-0.23651461,-0.0571256,0.00100689,0.1255723,-0.08207612,0.03054598,-2.91e-06,-0.22437715,-0.18633455,-0.01956061,0.12257221,-0.06035479,0.06782037,-0.07263206,-0.10727313,-0.13024862,-0.02296202
0.01185376,0.08782196,-0.00799467,0.05901456,-0.05547469,-0.06156671,-0.06890401,0.01165386,-0.08556046,0.07969084,-0.24642108,-0.04745916,0.0563042,-0.05528892,-0.02949274,0.01249513,0.01090746,-0.1119832,0.04729492,0.17786371
0.03759767,-0.02512714,0.04968613,0.00926714,-0.19643262,-0.0401108,-0.10939109,-0.06783034,-0.19700429,0.03072097,0.00469202,0.02158694,-0.02372932,0.1666002,-0.02229671,-0.13708859,0.08561082,0.07219286,0.07128946,0.0644424
-0.11810742,0.1613686,0.04120211,-0.13478387,0.1385443,0.07004628,0.03221974,0.01743376,-0.07338199,0.02276897,0.1197335,-0.14363886,-0.15696079,0.11464698,0.04543433,0.01421786,-0.08004253,-0.11569362,0.09079525,-0.03188329
0.04835815,0.09596214,-0.05459661,0.02654025,0.0337074,0.03759511,-0.10492689,0.10739026,0.14007044,0.00780709,-0.11110869,0.09298318,-0.14069277,-0.04904415,0.07964608,0.0320721,0.18249928,0.01258377,0.12832843,0.09402827
-0.10253972,-0.06312563,-0.03707784,0.05036655,0.03345793,-0.12109282,0.2202782,0.07396132,0.05110202,0.06095504,-0.12498313,-0.00696578,-0.01946691,0.04080941,-0.01312325,0.03450628,0.05676618,0.06828406,0.02398801,-0.25507396
-0.06305817,-0.01231639,-0.07633823,-0.14314499,0.10923105,0.09746521,-0.05487359,0.06609268,-0.02747175,0.15416648,0.04506249,0.03622802,-0.08105768,0.01569683,0.04741903,-0.05935215,0.17773808,0.19000998,-0.07299953,0.0567137
0.00823213,-0.05200063,-0.11807474,-0.06336152,-0.21518891,0.04021662,-0.0195042,0.22308276,0.23999445,-0.06924016,-0.01622291,-0.00575579,0.01740487,0.04448635,-0.00426912,-0.01982396,-0.0367308,0.1465784,-0.17867742,0.10935144
-0.04777388,-0.00040746,-0.01648887,0.12030631,-0.0317745,-0.0406169,0.06330195,-0.04970373,-0.07281849,0.12495966,0.09250596,0.0197087,-0.06511828,0.0539552,0.06025987,-0.05626766,-0.10172544,0.24541505,-0.01127441,0.10130376
0.01629604,0.11387418,-0.00423217,0.0442418,0.06466992,-0.05170531,0.00646345,-0.03075383,0.03477236,0.1005793,-0.02080194,-0.05974079,0.16408652,0.02270811,-0.03770226,0.04281379,-0.01320492,-0.08865152,-0.01806743,-0.02402396
0.01400479,0.01311918,-0.04073704,0.0694377,0.05264103,0.03408872,0.00718976,-0.04377179,0.0415835,0.16951157,0.0367122,0.15987909,-0.02078262,0.0488457,-0.08415498,0.02580788,0.00345543,-0.30507388,0.00552696,0.10424381
0.09927178,-0.00292652,-0.03583905,-0.04474186,-0.03253376,0.14055908,0.09680442,-0.08215114,-0.18004463,0.17987696,0.07594084,-0.03247301,0.13476269,-0.0170958,-0.02922006,0.19901147,0.18309358,0.0071057,0.12240622,0.19083284
-0.25007395,-0.04922307,-0.12271923,-0.03600278,-0.07034243,0.1675028,-0.00447358,-0.07487749,0.00087426,0.0775834,-0.10893633,0.07403858,0.15251184,0.02811758,0.17184218,-0.06595371,-0.01537095,-0.20313142,-0.04107723,0.15248696
0.00582914,0.06062652,0.20465841,-0.12076637,-0.05600163,-0.05123751,-0.22407295,-0.29180039,-0.00139856,-0.10098823,-0.05765079,0.0503709,-0.04740895,-0.05770888,0.0276813,-0.02724217,0.06136642,-0.00125402,0.00762422,-0.03713106
-0.06744132,0.02182152,0.08453521,-0.03426536,-0.23205274,-0.00094125,-0.00560597,0.02301345,-0.13299379,-0.07489738,-0.16756685,0.06295237,0.07224676,-0.07903394,0.05674321,-0.09436789,-0.24955602,-0.13278193,0.13421237,0.09893721
-0.14819341,0.08975078,-0.06629859,-0.24231653,0.02268004,0.11680067,0.19324187,-0.07108933,-0.12425175,0.04436997,0.0853337,0.15209476,0.033765,0.108888,0.09958606,-0.02146269,0.02825027,0.00117971,0.05765521,0.03728618
0.03910172,-0.05224973,-0.12955237,-0.04639861,0.05617428,-0.04925435,0.18289715,0.10127126,0.26059254,0.04104006,-0.0350495,0.06140125,-0.07532676,-0.03956434,0.00606097,0.03860438,0.19941168,-0.14860582,0.09103055,0.16710509
0.05749653,0.03054677,-0.02716085,0.16368536,-0.09183289,0.17476718,-0.0483806,0.01404137,0.05941199,-0.06674477,-0.13844746,0.00282761,0.06613106,0.10740272,-0.02558499,0.14057839,-0.00473687,0.04733966,0.01939326,-0.18763944
-0.07197582,0.14880912,0.14254762,0.03817735,-0.06511076,0.1343363,0.01681733,0.0740556,-0.09206893,0.14760066,-0.03893669,0.03529596,0.04805557,0.05240884,-0.06645214,0.07315531,0.09760346,0.02285385,-0.14552452,-0.12159245
0.03820844,0.15841072,-0.14733297,0.0591686,0.02093637,-0.00352177,-0.11685968,-0.10162846,-0.08640855,-0.11373658,0.12667785,0.0005286,-0.19375902,0.15460821,0.01083979,0.12717634,0.00483174,-0.02163398,0.13039392,-0.11427414
0.03775955,0.04790057,-0.12097883,0.25436587,0.12876106,0.01443095,0.15268674,-0.10066072,0.02114518,-0.03165276,0.03047274,-0.07895595,0.13909472,-0.1297785,-0.11540259,-0.14143458,-0.0471536,-0.02707465,0.17715732,-0.07618719
0.03362184,0.11273856,0.14976951,0.05366999,0.09798106,-0.01629609,0.08847958,0.03282955,0.00814794,0.1643524,0.02857678,0.10281388,-0.21103237,0.01544571,0.05512915,0.16134012,-0.03084441,0.17418497,-0.06243931,-0.09507973
-0.23787106,0.11219624,-0.17296157,0.01582458,0.03488524,-0.05596717,0.1554547,0.04716401,-0.03546044,0.08112414,-0.13039365,0.02334581,-0.22608914,0.01751061,-0.14298109,0.03967951,0.04763481,0.00519291,0.04603652,0.05037321
0.0111719,0.05333255,-0.040915,-0.00463432,-0.00183294,0.12126808,0.04381859,-0.01499764,0.07760518,-0.00749625,0.0067911,0.03615874,-0.09703157,0.06977446,0.050942,0.15208316,-0.17903925,-0.01469245,0.18181508,0.04351663
0.02411038,-0.02138531,-0.09871763,-0.12869071,-0.15509499,-0.22815994,0.01972796,0.10489363,-0.05734081,-0.08857693,-0.01850632,0.02499324,-0.02661655,0.02537904,0.34562203,0.12070954,0.0385583,-0.0055108,0.03866974,-0.0885567
-0.12221034,0.06575959,0.04002761,0.14156982,-0.08698362,0.07233502,0.11859765,0.04087014,-0.13121778,-0.06009893,-0.00755753,0.01405352,-0.00829449,-0.0117098,0.01945076,0.12710506,0.09045405,0.04286824,0.02702355,0.14692328
0.08250975,-0.09876296,-0.02278926,-0.11543466,0.04709809,-0.02341814,0.01947798,0.12810483,0.04889174,-0.01963272,-0.06971568,0.09563378,-0.18828001,0.11919587,0.02829938,0.12783089,0.02553432,-0.08674771,-0.06454941,0.00444125
0.00771483,-0.04922007,-0.09994488,-0.04585026,0.07929457,0.05600634,0.07836787,0.00866324,-0.09200547,0.02030421,-0.036707,-0.05804646,0.07828233,-0.02295268,-0.01408837,0.10298975,0.07485267,-0.11978925,-0.12188727,-0.07621161
-0.05553962,-0.03245807,-0.1422083,-0.02957017,-0.02056736,-0.00608624,-0.02244658,-0.12796892,0.03888152,-0.0447613,-0.02304242,-0.07251704,-0.04211852,0.04460824,0.00651097,-0.03284518,-0.0111072,-0.09895599,0.05095201,-0.07308318
0.12185294,-0.10326335,-0.06282882,0.14380275,-0.07319552,0.07449573,-0.15334613,0.0707482,-0.07331812,0.16098892,-0.04230902,-0.00584914,0.22187623,-0.04533025,-0.10808471,0.0425442,0.04019617,-0.11575568,-0.01533306,0.08035061
-0.05749361,0.00914879,0.03169137,1.375e-05,-0.06178783,0.04937091,-0.1215633,-0.29435691,-0.00494362,0.06651756,-0.19072753,-0.14211537,-0.03562345,0.04856393,-0.14855172,-0.15507719,-0.01191325,0.08357545,0.05918286,-0.08438422
-0.18243641,-0.03845841,-0.12032964,-0.01303355,-0.09924247,0.00374376,-0.16653716,0.01990808,-0.04537928,0.013679,0.10820576,-0.02202796,0.02244281,-0.06576946,0.23177957,0.09125505,-0.07468967,-0.00052295,0.10037136,0.07067716
0.01929559,0.01163302,0.02359112,-0.05596132,-0.0348397,0.04017541,0.07661756,-0.06497025,-0.06206677,0.058843,-0.03604458,-0.16920011,-0.13548394,-0.01317862,0.03100817,0.11469728,0.04421073,-0.05791208,0.10125739,-0.07346288
0.1256679,0.05860475,-0.16779235,0.0721761,0.00750342,0.08459061,0.06564826,0.04142106,0.13395441,0.07253039,0.06129504,0.05590599,0.11105622,-0.0611814,-0.09605626,0.12652713,0.0138321,0.02083737,0.04297664,-0.15403613
-0.06342396,-0.06840114,0.07814395,-0.14132114,0.03794716,0.01145657,-0.02588985,-0.18051714,0.04669483,-0.05173693,-0.046663,-0.04532457,0.05135127,-0.14327697,0.02088771,-0.27690142,0.24442499,0.01808892,-0.07146736,-0.16326521
-0.1045198,-0.10079756,-0.09574309,-0.02306775,0.022403,0.01942941,0.21168081,-0.06097744,-0.0130014,0.04106789,0.02432572,0.07076663,-0.10976311,-0.00415888,0.04427559,-0.13362601,-0.08828573,-0.19418709,-0.01079949,-0.18935226
0.04618307,-0.27432799,-0.11025365,-0.12048201,-0.00908671,0.09645683,-0.03517076,-0.11281766,0.06102846,0.00265445,-0.06981878,0.14281104,0.1991557,-0.08747186,-0.03388236,0.01618117,0.18037806,-0.05825901,0.02905897,-0.06885249
-0.0073495,0.08946969,-0.20985645,0.20329338,-0.048473,-0.10956499,-0.01301473,0.02557931,-0.0284981,-0.03781628,0.0104723,0.10109028,-0.02362525,0.1483809,0.04473601,-0.10072733,-0.07037649,-0.03884722,0.02911762,0.10608197
-0.02003182,0.01337252,-0.2038064,0.03385908,-0.10160315,-0.01212038,-0.0260886,-0.05807553,-0.03239494,-0.14369444,-0.13496415,0.03053464,0.03406085,-0.06056205,-0.07287419,-0.11924092,0.2586977,-0.06181966,0.01226292,0.0102081
-0.09074598,0.09369552,0.06628722,0.0564218,0.08425322,-0.25904846,0.03667829,0.13383905,-0.11544271,-0.0526402,0.0092917,-0.0517443,0.04483784,-0.24978648,-0.18022129,0.04338851,0.13817162,0.14689675,0.1431034,-0.09630926
0.15947362,0.08629487,0.13502352,-0.14873617,0.01656861,-0.18394103,0.10318743,-0.17829347,-0.09439727,-0.02862044,-0.03073057,-0.08478256,-0.1158906,-0.07892589,-0.05541045,0.31098199,-0.14697228,0.11848402,-0.11660232,-0.14209895
-0.03382559,-0.09607459,-0.15895769,0.00607439,0.13489262,0.12757459,-0.00033438,0.0441012,-0.01708211,-0.09549523,-0.14384759,0.06449052,0.1169338,-0.12990903,-0.02857131,0.04038949,-0.07146641,0.04208548,0.06117734,0.04181863
0.06650819,0.03339812,-0.10340075,-0.08750807,-0.00372274,0.21195998,-0.09568251,0.03511658,-0.00357959,-0.18512807,0.19771382,-0.05853613,0.063901,0.06844995,0.01814868,0.04462537,-0.08296124,-0.06183941,0.04193349,-0.03252613
0.05553509,0.1458197,-0.04387366,-0.14182833,0.06086235,0.04714364,-0.04093906,-0.0053157,0.04817227,-0.03072863,0.07868705,0.1236117,0.07209197,-0.06964165,0.23225162,-0.00684919,0.02855723,0.04306922,0.08295333,-0.06397739
-0.06168335,-0.14141753,0.04447125,0.00213259,-0.09737071,0.25171357,-0.00885408,0.08543884,-0.05833406,-0.16245894,-0.05507172,-0.03479182,0.1011154,-0.07050905,-0.02452457,0.07957209,0.02125523,-0.06463075,-0.14600417,0.10574653
-0.03016796,-0.13031909,0.20126998,0.11521494,0.00339046,-0.01934435,-0.11807183,-0.04264711,-0.14823923,0.076471,0.00766784,-0.11204034,-0.10541875,-0.06938339,-0.02358116,-0.05863837,-0.07539349,0.03688732,-0.14213429,-0.00739957
0.00396043,0.05476223,-0.17760138,-0.12042464,0.2215329,-0.07172817,-0.12365851,0.02438864,-0.01749678,-0.16067924,0.0323701,-0.045479,-0.06086454,0.12000619,-0.21092604,0.08073514,0.08681408,0.16211319,-0.16627758,-0.06880504
0.08712322,-0.08500029,0.13283127,-0.16847888,0.01892057,0.02732586,0.16676069,-0.03794293,-0.14044973,0.03136068,-0.25242878,-0.01347336,0.15566868,0.02110703,-0.07028548,0.11996318,0.16997134,0.05538396,-0.07428042,-0.00043023
-0.00908282,0.05528627,0.19508137,-0.00605805,-0.11373373,0.01162595,-0.0555309,-0.11911918,0.13984429,-0.16606792,0.03418479,-0.00199138,-0.10278893,-0.05335659,-0.20258596,0.0194213,0.12929977,-0.14351129,-0.17406951,0.00298073
-0.02384496,-0.27878158,-0.00822765,-0.11630151,0.11061561,0.05308301,-0.22372921,-0.10295893,0.18672911,-0.02682978,0.01039339,0.11984862,0.14459987,-0.02805065,-0.07310772,0.01341547,-0.03760556,-0.18857923,0.04302477,-0.05739773
0.15123904,0.05708276,0.02382033,-0.02702563,0.08482159,0.20176295,0.12339196,0.0160342,-0.03939841,-0.08758436,-0.02858674,-0.05552644,-0.01840465,0.01364977,-0.09817687,-0.10377615,-0.04662763,-0.06608027,-0.00103381,-0.00089186
-0.04385223,0.1194091,0.07108062,0.02716657,-0.09324261,0.08401568,0.10827539,0.07225978,0.11842653,-0.05144934,0.07017359,-0.06397436,0.08195856,-0.1901105,0.06096092,-0.00267317,-0.1321576,0.09245212,-0.05042407,0.19141621
-0.09279389,0.15317851,-0.21502139,-0.18342521,0.03950008,0.00450227,-0.00051124,-0.0450969,0.02997526,0.09045391,-0.06639263,0.15331147,-0.02756028,0.00050169,0.04260481,-0.10005957,0.09492063,0.05445917,0.02268247,-0.10808515
-0.04352703,-0.06389027,-0.0195472,-0.06421447,-0.21161257,-0.01456769,0.05193199,0.03945654,0.01886218,-0.03810576,-0.05688041,0.13083323,0.02480456,-0.08139746,-0.03445964,0.06990214,-0.07004067,-0.11916939,-0.10762024,0.10449287
-0.02633992,-0.27557602,0.06435687,0.10723044,0.18583023,-0.18438686,-0.21191608,0.01337135,-0.01341843,0.08540066,0.15720076,0.11327452,0.06774491,0.19215201,-0.07479219,-0.19255683,0.06842753,-0.06806893,-0.02032047,0.03598158
0.16633895,0.09702349,0.01429176,0.01813965,-0.08793261,-0.05220943,-0.16683612,-0.06820255,-0.10301563,0.00211125,0.04518822,-0.15166215,-0.03620081,-0.14445598,0.00238875,0.03928962,0.03405697,0.10871138,-0.03262568,0.02829646
-0.06793269,-0.06561112,-0.11310096,0.02463579,-0.07768247,-0.101669,0.11489191,-0.03357524,0.03646589,-0.14392226,-0.08749557,-0.20424865,0.08579081,-0.17373462,0.00548572,-0.2517142,-0.06375387,0.11852437,0.02487277,0.14616862
-0.0526667,0.03014422,0.05370793,0.0324972,0.12401879,0.13060261,0.05076072,0.04489825,-0.08164218,0.100514,0.08349153,0.19986302,0.11619623,0.03115088,-0.11656079,-0.03765848,0.21249348,0.15537607,0.02322874,0.00316691
0.03416547,0.02398148,-0.04574702,-0.0757608,-0.05818119,-0.04345303,0.05512929,0.05265917,0.00797337,-0.06319617,-0.20293667,0.05541385,0.20435316,-0.24142374,-0.04089478,0.09135102,0.05400192,-0.0321118,0.02044212,0.03867857
0.15100591,-0.10565751,0.00840915,0.05817238,-0.0333396,-0.00871869,0.07772585,-0.12938963,-0.04493038,0.02927587,-0.09170288,0.16088224,0.04979013,0.11406396,0.00461259,-0.13117132,0.19951658,0.05578769,0.01612116,0.1145208
-0.14989824,-0.03772572,0.07870109,0.09632074,0.12981106,-0.01904607,0.04050851,-0.00530123,-0.23129409,-0.10396052,-0.07390955,0.09020094,0.05763519,-0.09146481,0.02479716,0.05424717,-0.048403,-0.03355197,0.02395221,-0.0885604
-0.09906202,-0.06272172,-0.15461019,-0.06385136,-0.04443719,0.04293667,-0.01280108,0.02685587,-0.15920245,-0.1201942,-0.03208977,-0.01262231,-0.03663115,0.16088825,-0.09335826,-0.05462729,-0.10118398,-0.04306155,-0.04797286,0.01619501
-0.07128624,0.05900866,0.02478067,0.01589404,0.069805,-0.09170146,-0.08204804,-0.01595794,0.06867943,-0.07812764,-0.02673753,-0.00070244,0.04778122,-0.06453623,0.17638188,0.14998547,-0.12850946,0.06019789,-0.0271224,0.03867337
0.0360508,0.13386692,-0.05956349,-0.01155408,0.09395652,0.01178363,0.02079601,-0.063335,0.01799759,0.05805129,-0.10423304,0.22295473,-0.10887774,0.06648024,-0.05434618,-0.07196244,-0.03690039,-0.08330701,-0.01336351,-0.07052138
-0.04393465,-0.06652504,0.10945565,-0.06602525,-0.04753045,-0.03032265,0.15930635,0.08263926,-0.10324791,-0.05731587,0.09792471,0.09669164,-0.23358291,0.11085281,0.03810772,-0.00523903,0.09155444,-0.20059306,-0.0486813,-0.14028161
0.1013001,-0.11154041,0.17157632,-0.11280157,-0.01566241,-0.0953177,0.0965754,-0.00314797,0.16365704,-0.14201424,-0.00056943,0.08381658,0.15568659,0.01766453,-0.10567665,0.12776716,0.10066174,0.01973851,-0.00177338,0.21186168
-0.09293939,-0.02775287,-0.10660617,0.05431374,0.042626,-0.15208285,0.15188685,-0.02621448,0.06465205,0.03188106,-0.06467399,0.06072273,0.13028579,0.06133318,-0.05284385,-0.02424277,0.23970907,0.10676106,0.00879315,-0.13556391
-0.08880221,-0.07058161,-0.16973321,-0.01112831,-0.07237202,0.01844911,0.01758089,-0.00836402,0.05671009,0.00027898,0.01876352,-0.07150776,0.11115721,0.00052288,0.08358858,-0.01673039,0.0009675,-0.22704553,-0.00245328,-0.08105116
0.12360033,0.02490044,0.12739419,-0.05678332,-0.13022835,-0.01735282,-0.09193171,0.0044918,0.00670575,-0.10259189,-0.06149437,-0.12374941,-0.01448664,-0.06594273,0.02018057,0.10225505,-0.00277653,-0.1928629,0.09567275,0.18671281
-0.10086954,-0.10552412,0.03579171,0.05073056,0.00648736,-0.11114869,-0.03687866,0.08840597,0.05661584,-0.02393918,0.06827652,-0.10077187,-0.14696634,0.01031832,-0.08214854,-0.00302565,0.07170418,0.03460181,0.00961353,-0.00619128
0.01803822,0.03521321,-0.01945606,0.01186674,-0.05975776,0.05778616,-0.18375925,0.14787706,-0.09790184,-0.07450352,0.05763795,0.16622543,0.13686643,-0.06673405,0.10245185,0.09374252,0.0511448,0.08276247,0.15178761,-0.01109775
0.11702912,-0.05722911,0.08460304,0.14443403,0.09056034,-0.08462732,-0.02702742,0.06545907,0.12556578,0.0321393,0.08102205,0.05172114,-0.05885562,0.01169427,0.00580349,0.05111647,0.11867875,0.04161689,0.21122563,0.09404804
-0.10223387,0.11927284,-0.00236481,0.01647559,-0.14992582,0.05333139,-0.12589036,-0.12230437,0.07194703,0.06628736,0.09347372,0.00378287,0.01591172,0.03885282,0.02734821,-0.01626435,0.02795346,0.02722648,0.04706128,-0.10097423
0.09480965,0.00926996,-0.00178132,-0.0372055,-0.1757439,-0.05339038,-0.12558618,0.01553098,0.05826688,0.13170647,0.0880099,-0.10255684,0.07854608,0.019092,-0.12216096,-0.13823562,-0.03939564,0.0593818,0.06582481,0.12635033
-0.19034385,-0.02645781,-0.06619223,-0.01424987,-0.1051397,-0.22945729,-0.02982902,0.18076767,0.21730374,0.08062279,-0.18845815,-0.16413622,-0.11719839,-0.20309379,0.06277472,0.01873239,-0.0364712,0.04207617,0.09220014,-0.10308665
0.28582676,0.06486086,-0.12723123,-0.09788597,0.01875396,0.08367573,-0.03555716,0.0376711,0.02081055,-0.21657604,0.1559946,-0.03966226,-0.06350975,0.13716793,-0.00622645,-0.01955421,0.04702209,-0.08928893,0.01053928,0.04384006
0.04852374,-0.14943558,-0.253356,0.10207301,-0.24155402,-0.05478478,-0.19022969,-0.0045715,0.13699484,0.15584029,-0.05214151,0.09500139,0.0435421,0.14481109,-0.01810796,-0.18306637,0.17173806,0.03413746,-0.05008734,-0.16507445
-0.00698706,0.06589435,-0.12974977,0.00142482,0.15617194,0.05566371,-0.06528618,0.10740655,0.2136755,0.16608031,0.12446195,-0.05600276,-0.03777928,0.02111194,-0.02348073,-0.0116287,0.07313419,-0.10567655,0.06628213,0.03867541
-0.06579211,-0.16282132,-0.04868547,-0.18735856,-0.04594208,-0.08030212,-0.10925075,0.13400606,-0.04297756,0.01018063,0.00354105,-0.02493585,0.05395705,-0.06951741,0.12752539,-0.13676947,0.04973035,-0.05252048,-0.04234697,-0.03750166
0.05054184,-0.08878034,-0.03618909,0.1920918,-0.05348432,-0.05539055,-0.01766146,-0.11945974,-0.0477119,0.04712188,0.02229696,0.20018766,0.01059242,0.01733515,0.06739089,-0.13646606,0.10270113,-0.1045973,-0.02307074,-0.06370685
-0.16935162,-0.11679607,-0.01235971,0.07453316,0.03130677,-0.20067882,0.10809996,-0.01381727,0.08592362,-0.04376978,-0.16710952,0.00653015,-0.02509993,-0.17947581,-0.16090789,-0.12203724,-0.24857925,-0.08168242,0.02550468,-0.00691893
0.06037873,0.06370166,-0.12728472,0.07304304,0.14830862,0.01178898,-0.00147782,-0.07570204,-0.00422887,0.05505602,-0.11035677,-0.02310326,-0.00049633,0.14340744,0.13017792,0.20052911,-0.08957505,0.12179122,-0.06696773,0.17488492
-0.081467,-0.04597084,0.06230722,-0.00397058,0.13976738,-0.03541563,0.05903964,-0.16547468,-0.07740084,-0.03485524,-0.01598426,0.11145828,-0.06552282,-0.07444108,0.00679561,0.17841241,-0.03128567,-0.08964786,0.04500535,0.04437384
-0.08236348,-0.04438831,0.01071416,-0.14231316,-0.01904556,0.01421693,-0.15613799,-0.14346008,-0.08369949,-0.07894189,0.09157558,-0.061854,-0.02967583,-0.03922586,-0.07874753,-0.1073008,0.03443789,0.04668373,-0.08388586,-0.01754519
0.05426397,-0.12680157,0.10048856,-0.17503669,-0.07154235,-0.02296774,0.01653924,0.01151497,0.09166443,0.06667397,-0.16221,-0.19803589,0.09508409,0.0075829,0.03424648,-0.03212597,0.01161661,-0.05621734,-0.00634983,0.02005243
-0.1588173,0.04934124,-0.14350474,0.00699925,-0.10265053,0.10128839,0.01961643,0.15345647,0.01401555,0.01631787,-0.0595916,-0.06441351,-0.01254755,-0.14910879,-0.16620242,-0.03298114,-0.11608205,0.097179,-0.06692273,-0.00381709
0.27924358,0.04990514,-0.01197659,-0.23911791,-0.31233539,0.16503621,-0.05643488,-0.09598131,-0.10314784,0.07580691,-0.03799703,-0.15967673,-0.05505826,-0.05888089,-0.0635505,0.00051404,-0.01174452,0.05889044,-0.04673653,0.00342036
0.02987916,-0.02600686,0.08072882,0.05060358,0.10765081,-0.13570794,-0.057855,0.0170996,-0.19300631,0.01801109,-0.02636936,-0.06453588,-0.1194998,-0.15956136,0.05618051,0.06367644,-0.05053823,-0.00705919,0.05465281,0.07110949
-0.15136258,-0.03910795,-0.04268363,0.01323411,0.07336018,-0.02232998,-0.18064885,0.02711687,-0.19446587,0.05520902,0.02410376,-0.10324405,0.02388226,-0.09548707,-0.07648411,-0.05104617,0.1340423,0.15503883,0.0245225,-0.12295185
0.07169482,-0.09428936,-0.0339317,-0.02236259,-0.0167312,0.09693648,0.12068432,-0.06588686,-0.05618464,-0.04608281,-0.10515365,0.09847399,-0.04427642,0.04042321,0.09529837,-0.00815649,0.11404295,-0.02262868,0.14243817,0.08949511
-0.05561225,-0.00815239,0.08884286,0.11715257,-0.08896066,-0.08144172,-0.10960855,0.01575608,0.0136188,-0.05845529,0.13287607,0.12425632,-0.084584,-0.02582124,0.00254229,-0.05396128,0.04693947,-0.04554118,0.06609115,-0.05721976
0.02101982,-0.07520798,0.12865576,-0.0408887,0.02083342,0.10980206,-0.03290065,0.10133415,-0.02465844,-0.01849599,-0.09868674,0.06593678,0.18353782,-0.01840853,0.0859647,0.10112163,-0.01840245,-0.08267998,-0.08165126,-0.01751984
-0.05390546,-0.14860237,0.07586533,0.05599433,-0.04415122,-0.20930628,0.05613305,0.11734083,0.03185328,0.0505153,-0.05809756,0.06110406,0.00907945,0.13218769,0.1127578,0.00233335,0.02710117,0.05793894,-0.12550136,-0.02241849
-0.20392873,-0.02452528,-0.12291413,-0.04377826,-0.09472401,0.05295655,-0.00807058,0.04633285,0.10971112,0.09502825,0.01526095,-0.00340339,-0.06613247,-0.14791495,-0.01073544,-0.0610421,-0.1150905,0.10529708,0.05446468,0.24238412
0.07050095,0.05124229,-0.09311175,0.05891106,-0.02490178,-0.06501031,0.13532867,0.11878379,0.04574741,-0.1119788,0.00791231,0.04648881,0.00143059,-0.03077396,0.17009863,0.18538031,0.02213263,0.0074479,0.05937826,0.22027704
-0.14357906,-0.27554555,-0.00834324,0.11066426,-0.05341699,0.06776851,-0.10622122,-0.09610708,0.00626894,0.04835176,0.2139061,0.07255745,-0.0008664,-0.1091523,0.0120817,-0.07851842,0.11116722,0.02949293,-0.06164042,0.07547056
-0.12454245,-0.02287801,-0.14497435,0.05442876,-0.07724185,-0.11781303,0.05582692,0.1119556,-0.02191016,-0.00647149,-0.19967302,-0.0813294,0.04846632,0.01103789,0.12859052,0.00037691,0.12380002,0.00301865,0.02418444,-0.12323678
0.04058544,0.08191183,-0.05786314,-0.06731988,0.03968231,-0.04926336,-0.03361585,0.11423608,0.03933678,0.15285151,-0.04771608,-0.1416715,0.05026153,0.00556941,0.2179407,-0.00194344,-0.03765745,-0.13663398,0.02246565,0.11057108
-0.13105368,0.03467727,-0.02796674,0.01015633,-0.01085214,-0.00420269,0.02933977,0.12261954,-0.12335619,0.06844568,0.07828545,-0.15142417,0.0881321,-0.04017458,-0.03932948,0.02430882,0.07324368,-0.04163557,-0.02711802,-0.12473131
0.01551401,0.02068983,0.05512725,0.12012443,0.07493769,-0.07386596,0.08580348,-0.12289301,0.06491098,0.03530955,0.15082627,0.00936498,-0.0074628,-0.03002416,0.10736779,0.18876781,0.01196558,0.05315755,-0.09678629,0.00545208
0.06115174,-0.10290553,-0.05887927,-0.10137663,-0.03657004,-0.16024154,0.11458263,0.02140978,0.01256526,0.01617396,-0.06937988,-0.01122827,0.01823313,0.03993831,0.01300319,-0.08709505,0.0396969,0.01897681,0.01013094,0.10494574
-0.05985783,0.29727449,0.00708923,0.01977786,-0.09073718,-0.00887217,-0.09695273,0.09307065,-0.04938755,-0.2529985,0.07223789,-0.04643407,0.05748356,-0.18941311,0.02025962,-0.00220528,0.1852565,-0.20642532,0.03349085,-0.25501336
0.1089591,0.17881393,0.19217862,-0.07793975,0.11346806,0.05503132,0.06793255,0.01285607,0.20682353,-0.16003757,0.11785826,-0.00079141,0.13770917,-0.07850839,-0.15082937,-0.08869842,0.09568525,0.03218691,0.0842917,0.00058839
-0.15776662,0.04928338,-0.18253249,-0.04780745,0.00087635,-0.20246343,-0.0160803,-0.18751665,-0.12258683,0.18603089,0.02100203,0.04059754,-0.03228409,0.14106016,0.14572455,0.0739146,-0.0014927,0.09864588,0.05235169,0.11919932
0.05899652,-0.11352256,0.11939523,0.18217365,0.14848733,0.07094535,-0.04136364,-0.06721984,0.15180573,0.04370061,-0.00629067,0.10076862,0.03325214,0.03831732,-0.088702,0.16377401,0.08371129,-0.07132831,-0.04046614,0.03096975
-0.04845292,-0.0043333,0.08880433,-0.09785273,0.03659312,-0.02604797,-0.01710981,0.09162176,-0.0132728,-0.02428119,0.28875842,0.2675498,-0.09951318,-0.17609162,0.10036139,-0.02998483,0.05329371,0.03704293,0.09980117,-0.05666998
0.16069615,0.01199335,-0.03006964,-0.01736548,-0.06206512,0.11193457,-0.11167953,-0.09589444,0.00425476,-0.01703415,-0.1818468,0.0164542,0.05377309,-0.00340111,-0.11625402,-0.08156941,-0.21437877,0.0112591,-0.14189081,-0.04084599
0.0360727,0.09527802,-0.01971715,0.00312087,-0.03853738,0.02761477,0.10037925,-0.03432918,0.08099962,0.00361384,-0.17245632,-0.00704866,-0.12954684,0.07355923,-0.1327541,0.03081401,-0.15072271,-0.05476204,-0.1604888,-0.00019924
-0.13979163,0.01685327,0.09828068,-0.20512966,0.05542782,-0.15455423,0.00266849,-0.05440474,-0.04698053,-0.01263077,0.0101254,0.08231869,0.04500651,-0.1242155,-0.04678563,-0.20798984,0.0624613,-0.15732323,0.04992716,0.10281618
-0.14159407,-0.05945818,-0.08466261,0.02298281,0.01730516,0.05826609,-0.14947018,-0.03733299,-0.02040733,0.02319992,0.00175406,0.06595434,-0.09187845,0.01128136,0.05692191,-0.01140668,0.00827001,0.15478241,0.03589917,-0.0495906
0.09761338,-0.20373967,0.02158465,-0.00481679,-0.04438856,0.02465309,0.03484914,0.01101113,-0.06538187,-0.09253881,-0.31845148,-0.06525682,-0.00817763,0.12587953,0.0140563,-0.00460168,0.08209095,-0.05300223,-0.11201956,0.02389405
0.0592047,0.05091773,0.07724117,0.01118224,0.10612462,0.053411,0.10894191,0.01554437,0.14951079,0.01688551,-0.03770346,0.11232066,-0.01367651,-0.03804927,0.18147961,0.0635302,0.02232875,0.09523309,0.10686677,0.02091628
-0.17296364,0.11416186,0.04064512,0.05938188,-0.02703699,0.05168993,-0.12716077,-0.1048003,-0.04349622,-0.09762665,-0.03798212,0.07399727,0.04148781,0.03516412,-0.15219688,-0.05847123,0.21309622,-0.04642831,0.06519148,0.13598409
0.09876137,-0.0600069,0.12554441,0.01353168,-0.08715952,-0.153763,-0.25107584,-0.06795193,-0.21771415,0.00573393,-0.13551273,-0.00683789,-0.1104464,0.01528848,-0.02168431,0.02953603,-0.04027506,-0.08916784,0.08971908,-0.01369054
-0.10473529,0.07478606,0.12473834,0.01334611,0.00442953,0.09014427,-0.09842401,-0.05555782,-0.03835211,-0.30240098,0.00967414,0.12404678,0.05462758,0.01068134,0.04051223,0.07572235,-0.10249497,-0.0514802,0.03552867,0.06136179
0.02467444,-0.0856205,-0.06478598,0.04942338,0.21722032,0.00651176,0.03486062,0.00578709,-0.11219283,0.02535127,0.09831169,0.07831987,-0.21972291,-0.03334753,0.06118027,0.01208624,-0.03313469,0.12055699,-0.03902793,0.08428388
-0.0122745,-0.08678808,0.03609173,-0.14628554,0.15125678,-0.03513062,-0.23300902,-0.07519054,-0.01279787,-0.17466429,-0.10591947,0.03729255,0.12556006,0.15501101,-0.13321528,0.0732385,0.07980239,-0.10168722,-0.02398483,0.22545329
-0.01861217,-0.05193309,-0.1256833,-0.14511464,-0.09384105,0.07370777,-0.04861521,0.06767175,0.0579928,0.03767957,-0.03370154,0.08393083,0.17738764,-0.04805697,-0.0408959,0.0682543,0.01524134,0.12269072,-0.09892709,-0.15744379
0.02207658,-0.16360033,0.01298792,-0.22996865,0.00561122,0.06086927,0.12504037,-0.03571098,0.05136653,0.07526431,0.0502485,0.01127025,-0.13891231,0.03076723,0.06136681,-0.04592525,0.24032168,-0.02062341,0.17571129,0.0445338
-0.0879667,0.05683691,0.00409428,-0.06731447,0.01893079,0.20850234,-0.07387787,0.05723438,-0.08069734,-0.0583109,0.17828977,-0.13612348,0.07771102,-0.03708739,-0.02574796,-0.09744357,-0.0914518,-0.0459699,0.07458684,0.08299942
-0.046436,0.02242959,0.00047559,0.05481121,0.03808859,-0.00484123,0.01784601,0.2498203,-0.00709544,-0.11757552,0.01659768,-0.02403062,0.1850973,0.16805978,-0.16860787,-0.00657735,-0.0903117,0.16932787,0.09380117,-0.02382751
-0.03585845,0.12667502,-0.24320664,-0.03863126,0.08230681,0.23796365,-0.26154479,0.03710511,-0.09208182,0.00958009,-0.01482995,0.06472827,-0.08855513,-0.05681181,0.04163531,-0.15549575,0.2121059,0.01717665,0.15467008,0.09078341
0.03080306,0.04004243,0.03562551,0.03414673,0.05296753,0.11514619,0.01877179,0.12125097,-0.08721594,-0.03634154,0.03418987,-0.10443473,0.02027414,-0.00830768,-0.04880018,-0.01420217,-0.04605762,-0.02279138,0.06772954,0.04038396
-0.14302097,-0.00522269,0.02370709,-0.02099571,0.25011861,0.09657148,0.00598623,0.01354243,-0.03599606,0.00466241,0.05651782,-0.22037518,0.15380842,0.12793734,-0.04600853,0.07479726,0.03174398,0.00559806,0.06280568,0.06586431
-0.15069782,-0.13715977,0.0588464,-0.08275273,0.12994668,0.01094372,0.06793755,0.09389549,0.06628291,-0.02551547,0.02294155,0.00519736,0.08799313,-0.1368846,0.01872601,-0.01750621,0.11378262,0.06183174,-0.07370614,-0.06656767
0.03231423,0.06480962,-0.07650355,0.04885561,0.02097327,0.19236385,0.09212895,-0.05424406,-0.14463837,0.02824157,-0.10756324,-0.16649269,0.07170041,-0.0962468,-0.02746593,0.04165503,0.00618179,0.05464394,0.06084086,0.1354223
0.02547023,-0.12903794,-0.01980677,-0.10089674,0.04205373,-0.13651065,-0.08847537,0.01135706,0.00764402,-0.05194548,0.02667206,-0.12388965,0.10957927,0.15368307,0.14381079,0.22546987,-0.10360319,-0.15202545,0.09434601,0.00997623
0.1414033,0.03890823,0.03179053,0.18252763,-0.03665147,-0.08460175,0.04740461,0.07285086,0.00537146,-0.01329233,-0.17134634,-0.05886995,-0.06712157,0.06300355,-0.08131899,0.03792989,-0.02403671,-0.17243669,0.04495698,0.09435306
-0.19130817,-0.06769809,-0.00081646,-0.18265326,0.06711723,0.04577133,-0.11421875,0.21276403,0.00795802,0.32101462,0.06279313,-0.24462229,0.15119497,-0.0367851,0.02878379,0.05493928,0.09052538,0.05486739,-0.23111052,-0.07382971
-0.14901776,0.14147298,0.01148445,-0.10875538,0.05494714,0.1844984,0.26319601,0.21620036,-0.0237675,-0.14522038,0.15088791,-0.06493232,0.14847969,0.13663145,-0.07052299,0.11684505,0.03944023,0.09522298,0.07674298,-0.08204594
0.02557528,-0.10261012,-0.01570377,-0.12139796,-0.02777546,0.06307905,0.01472678,-0.02343526,-0.07542626,-0.18184965,-0.14286848,-0.14128245,-0.16553869,-0.03189283,0.05280589,-0.03108975,0.0020658,0.06073614,0.0256132,-0.1199869
-0.06709328,-0.00596732,-0.04610585,0.05643883,-0.2686778,-0.1309851,0.07830531,-0.02694425,0.11825429,-0.10426894,0.16927526,-0.12827595,0.11833388,0.04456747,-0.00232103,-0.1024095,0.013097,-0.09534001,0.15844199,-0.0069893
0.22009931,0.07510502,0.19048162,-0.07309611,0.19755217,-0.01523775,-0.12874214,0.02905057,0.03811089,-0.00753261,-0.04499971,0.05034279,-0.06117882,0.02703701,0.03092377,-0.02393869,0.04643016,-0.07629575,0.00814949,0.03132996
0.05637514,0.03405507,0.01627036,0.02106043,-0.02912159,-0.11974985,-0.12034678,-0.06173014,-0.06040475,0.04335218,0.02886488,-0.0962975,0.02038631,0.10137136,0.15847434,0.05392456,0.09261616,-0.08179257,-0.10341891,0.07919855
-0.02408821,0.04986207,-0.02312649,-0.05690639,-0.17931123,-0.31880154,-0.20582921,-0.01247112,0.02904811,-0.11242693,-0.11328591,-0.15699429,0.22134372,-0.02536256,-0.11548771,0.07184598,-0.05569494,-0.03869108,0.04935858,-0.07260442
0.02217505,0.01043291,-0.13854907,-0.02420993,0.06450665,0.00399647,0.21334548,0.05735686,0.13936874,-0.0655308,0.02859836,0.14194982,-0.15049388,0.01576237,0.05859829,-0.04221602,0.01809208,-0.13572877,0.12365473,-0.10213141
0.08856016,0.20336967,-0.12028814,-0.15529201,-0.00141773,0.02163393,0.03691972,-0.01125184,0.01203626,0.01523373,0.12374222,-0.06319063,-0.13401684,0.00427809,0.15060085,-0.12733679,0.03556046,-0.00406301,0.09412512,-0.11204642
0.11198364,-0.05631075,0.06457152,0.3258934,-0.07020607,-0.01436088,-0.13469464,-0.00376775,0.01089316,-0.11952929,0.0901746,-0.09130009,0.07000425,0.0551321,0.04582781,0.21700213,0.08986913,0.10052188,0.03254064,-0.00442827
0.22937658,0.08060221,-0.03096229,-0.04204682,-0.05204598,-0.03703826,-0.02588524,-0.02712529,0.01188489,0.08147506,-0.1825859,0.11191776,0.09284466,-0.11044557,-0.09064604,0.04426562,-0.12274463,-0.00265617,-0.22742788,0.16968648
0.17582326,-0.11905715,-0.03536005,-0.02393825,0.06562342,0.13804856,0.06493924,-0.11686937,0.03050796,0.00384531,0.05819151,-0.06710298,-0.04543237,-0.15067313,-0.00932178,0.08167641,-0.0852462,0.06520811,0.036561,-0.08457694
0.00642009,0.16793316,-0.00687772,0.01113608,-0.11922222,0.04892706,-0.09380989,-0.02164193,-0.01982293,0.0197976,0.20736512,-0.04456794,0.00878868,0.07194081,0.02241623,0.08932528,-0.0835081,0.07945191,-0.07088288,-0.0064075
0.03235101,-0.00683777,-0.09727828,0.03800428,0.13248007,-0.00798904,-0.00360214,0.02830785,-0.00992425,0.00141801,-0.01277751,-0.0844231,0.08493919,-0.17084212,-0.05232214,0.10804058,-0.00217018,0.14826833,-0.00653362,0.12463572
-0.0317691,-0.11347958,-0.04631646,-0.04000249,-0.08021227,0.14442097,-0.18231449,-0.12465751,-0.04486897,0.03189999,-0.1118917,-0.0806666,0.12277795,0.02935081,-0.01878131,-0.10033282,-0.01313647,-0.09432763,0.0223161,-0.12557148
-0.09307705,0.02054642,0.00157479,0.05460203,-0.05984898,0.1030907,-0.07357898,0.0758746,-0.17250156,0.08610641,0.0760635,0.03772949,0.11824101,-0.08557328,-0.04667269,-0.0970566,0.08450946,0.08040872,0.13923196,-0.05824354
0.03222522,-0.0453327,0.00098533,0.00353073,0.08345404,0.06244144,0.08246001,-0.36300913,-0.03359608,0.1490457,0.04540103,-0.13008893,-0.34011392,-0.16702538,0.18631159,0.20711683,0.11928687,0.1498794,-0.12430191,0.11964998
0.03908528,0.12867433,-0.0446848,0.18612138,-0.02269632,-0.20849316,-0.0092529,0.20342609,-0.21998799,-0.09293524,0.04365095,-0.02549536,-0.01212482,0.15630378,-0.09590566,-0.0677323,-0.04126771,-0.08418993,0.00507973,-0.08400238
-0.09042157,-0.02573745,0.13517134,-0.00872083,0.02998319,0.08831138,0.07313016,0.21555734,0.22201203,-0.07873847,-0.01415141,-0.05292428,-0.08950233,-0.23027987,-0.11401274,0.16831783,-0.1576575,-0.13304798,-0.04382068,0.05308988
0.04414328,0.14028788,-0.06943463,-0.05067656,0.03142568,0.00596076,-0.04000747,0.2027091,0.04390165,-0.10126869,0.08929604,-0.13686873,-0.08696943,-0.03112133,-0.13102663,-0.08609269,-0.02374922,0.21957769,0.17049495,-0.14816123
-0.00473445,0.05524746,-0.04113923,0.03911671,0.08657018,0.20279719,-0.09379899,0.02568078,0.04122774,-0.08254797,-0.15145784,0.16159006,-0.09566606,0.04520011,0.014737,-0.05740313,-0.0622462,0.11199164,-0.00627512,-0.00330206
0.17393364,-0.19999443,-0.01546647,-0.11873948,-0.07250511,-0.02297535,-0.04910473,0.11809217,0.01400186,-0.01268076,0.09385338,-0.23865546,0.08494026,-0.05156035,0.00123343,-0.06773624,0.07837385,0.00378264,-0.02429539,-0.08587261
0.07650175,0.04255722,-0.00165652,-0.00254756,0.01814117,0.03059387,0.09862281,-0.15504434,0.0038247,0.16169909,-0.00926141,0.0827685,0.02225595,0.05204445,-0.02109894,0.12874075,-0.06921106,0.06928022,-0.13211009,-0.21283644
-0.04081092,0.00640696,-0.08212555,0.10452253,0.02121933,0.03819227,0.18904614,0.16764195,0.26855868,0.01532917,-0.16748875,0.1593917,0.08489061,-0.11683777,-0.07719128,0.23846018,0.02723098,0.00813477,-0.24045853,0.0425059
0.04748493,0.0216596,0.07072219,-0.11678077,0.08689984,-0.05019355,-0.0343436,-0.04457351,-0.11330741,-0.07084831,-0.1155316,-0.11469824,0.07043637,0.12584439,-0.06132107,-0.02770222,-0.14040788,-0.05499503,-0.02661912,-0.15337763
-0.15537668,0.0009637,-0.02558855,-0.0787113,0.07636363,-0.07583339,0.06987023,0.03456396,-0.12457209,-0.02087295,-0.18609884,0.01567004,-0.11467029,0.00248523,0.14749232,0.01391473,0.01545232,0.1444259,-0.08866194,-0.14768026
0.07055708,0.04028017,-0.00081442,0.12076014,0.13044364,0.16807407,0.20163721,0.11801955,-0.00149163,0.06006399,0.03127693,0.05798233,-0.04547874,0.15782858,0.13171775,0.05239435,-0.17450136,0.00059692,-0.07341701,-0.11616576
-0.0436264,0.0719658,-0.07757909,-0.14810098,0.059161,-0.03645697,0.21718765,0.00736221,0.15752478,0.10724028,0.06769074,-0.10466079,0.03899959,-0.10402174,0.08681725,0.21148661,0.02001913,-0.0759396,0.0398161,-0.02871213
0.13823772,0.19288242,0.06295534,-0.17264219,-0.02150891,0.00076389,0.03596888,0.06356365,0.04254935,0.08745872,0.02180598,0.23621627,-0.03586693,-0.0101686,-0.09759536,0.08990108,0.08597835,0.00896881,-0.02534371,-0.13888933
-0.05764512,0.06092013,-0.18130479,-0.09262697,-0.00284088,-0.10702181,0.00120517,-0.11200808,-0.01394253,-0.01890012,0.02338847,-0.18759658,0.14765389,0.01570804,0.05442759,0.09217604,-0.02351874,0.00642673,0.10859282,-0.11140108
0.02372966,-0.04711343,-0.00395789,-0.01552519,-0.07856938,0.04413725,0.067052,-0.05082325,-0.01425654,0.18255555,-0.0579173,0.07032928,0.14358366,0.07857731,-0.14037141,-0.02259771,0.05503409,0.05003907,0.11134376,-0.04195209
-0.07817446,-0.13896061,0.05762991,-0.11389049,-0.01915985,0.02454852,0.20138704,0.1131216,-0.00861194,0.0513429,0.07374174,-0.06918934,0.07793445,0.06495239,0.02749284,-0.03185469,-0.06156694,-0.0317978,-0.12330435,-0.0568348
0.09785886,0.20054707,0.11228115,-0.0055665,-0.09255932,0.06611901,0.04719401,0.0768274,-0.0439963,-0.02559217,0.11490799,-0.05697015,-0.00721926,0.03713367,0.04144859,-0.11918926,-0.00382009,0.28610946,-0.04237801,-0.07692188
-0.07131753,-0.00597282,-0.00152552,-0.10946215,0.05043415,0.06817309,-0.0439444,0.00152003,-0.00450826,0.04423799,-0.00141693,-0.10566813,-0.0918909,0.12828703,0.01196771,0.04169735,0.1774177,-0.1055912,-0.01456868,0.00721974
0.01383293,-0.10298844,-0.06485798,0.10877994,-0.18589652,0.17407457,-0.10015131,0.11300079,-0.00716229,0.01007769,-0.20832695,-0.2050411,-0.09588321,-0.11502184,-0.02078818,0.03624017,0.08075586,-0.02314567,-0.06274638,-0.1042929
0.10929348,0.01435554,-0.27380236,0.0550933,-0.11014761,-0.02431272,-0.19557465,0.23892028,0.07421903,-0.08568379,0.1131213,0.003739,-0.0368678,-0.02865807,-0.0501559,-0.14112916,-0.13116313,0.0701207,0.13754285,-0.15259002
0.06915474,0.02821497,-0.00118152,-0.00579249,-0.06892768,-0.0515295,-0.05637548,0.00741289,-0.01828643,0.11888376,0.07493053,-0.00039986,0.05074015,-0.04203783,-0.04543002,0.02468036,0.03918989,-0.10190615,0.04428977,0.03234442
-0.18271625,-0.00306602,0.11967147,-0.17184231,-0.10753624,-0.14717372,0.02682638,0.03577351,-0.00171574,-0.2098387,0.04424189,-0.15534392,-0.0564566,0.15226365,0.04878834,0.05410772,-0.14035319,-0.1723057,-0.01913598,0.07960491
0.13473022,0.01101598,-0.07967126,-0.21052551,0.0628735,-0.08029511,-0.04540196,0.05796446,0.14193262,-0.11879819,-0.25564647,-0.10605197,-0.10316676,-0.09047819,0.00040307,0.02012589,0.11640791,-0.03165413,0.04318279,0.26863868
0.06368831,0.03761498,-0.10803404,-0.13542143,-0.08555676,0.02883119,-0.07857016,-0.04794186,0.20603897,0.07387386,-0.06603694,-0.09718176,0.04073859,0.24908773,-0.03383754,-0.19032623,0.11159038,-0.00623111,0.03106752,0.01580216
0.05661428,0.06086391,0.09813725,0.0374495,-0.01401369,-0.01929378,-0.06491743,-0.11947153,-0.11405631,0.05098684,-0.15500209,0.04513421,0.0222916,0.08633958,0.07319754,0.0541323,-0.14317563,0.00233374,0.07263212,-0.06056641
0.02218346,0.05749352,-0.03024083,-0.0412891,-0.01175344,-0.06467421,0.04514511,-0.04847433,0.05232673,-0.02011402,-0.06473631,0.03733135,-0.18910332,-0.06116444,-0.07934598,0.07631511,-0.04383227,-0.00853094,0.11644991,0.14292554
0.19113008,-0.05227916,0.06312391,0.11474885,-0.0463642,0.00254119,-0.00679964,-0.2696808,0.03984147,0.05673592,0.01815701,0.04901688,-0.25340751,-0.01367817,0.06765478,0.13265983,0.03412256,0.00724547,0.03564081,-0.05837304
-0.07160157,0.12828024,0.00723886,0.07826056,-0.01170873,0.08406549,0.08242472,0.16299837,0.06223009,-0.00942983,-0.11779856,-0.15107502,-0.12094554,0.21520366,-0.01249526,-0.1022858,0.06785377,-0.14012013,0.07115019,0.0081665
0.12654681,0.0956994,-0.14271153,0.03744211,0.00704648,-0.03431247,-0.01408453,-0.00956985,-0.10414658,0.01764078,0.10471519,0.19155608,-0.20861349,0.12974959,-0.03165001,0.08252045,0.04391168,0.04389346,0.09454965,-0.06022273
0.17925625,0.15392865,0.12251661,-0.1243035,-0.15523269,0.10506252,0.03291834,-0.11290132,-0.00567461,0.0444746,0.05682148,0.12502871,-0.03026924,0.04609297,0.01210318,-0.03353406,-0.02128258,0.082496,-0.22538177,0.0377289
-0.1370145,-0.14029672,0.03567666,0.14365761,-0.07063564,-0.037854,0.20760342,0.14177391,0.16132956,-0.16907187,-0.13253878,-0.00260723,-0.17572404,-0.22242221,0.01140527,-0.03066945,0.09904919,-0.07696316,-0.03887421,-0.0191986
0.05555986,-0.31742054,0.09126176,-0.07087365,0.06852525,-0.17216735,-0.05209154,0.06975882,0.06572285,-0.12286951,-0.07093854,-0.07375482,-0.11394243,-0.05725538,-0.00803953,-0.18136651,-0.05882013,0.0286157,-0.15501531,-0.01035559
-0.12985322,0.04278717,0.09746031,-0.14334983,0.24461564,-0.02702768,0.03721369,0.07356021,0.06216437,-0.14358368,0.08867836,0.10022953,-0.10527159,-0.19115515,-0.07683004,0.1692928,0.15273032,-0.14916867,-0.02902126,-0.02358604
0.03570885,-0.0249158,0.04930163,0.01104836,0.14248468,0.06007537,-0.07377564,-0.05430319,0.04770328,-0.0834366,0.0551018,-0.11597557,0.07421428,-0.0758009,0.04606501,-0.10422498,0.01776467,-0.18007092,-0.01350976,-0.04991088
