Min Mean Max    max[i, k]
-1.942499 -1.520094 27.056778 
 Index    max[i, k]
  1.00  -1.06235781
  2.00  -1.69997847
  3.00  -1.32436749
  4.00  -1.61312759
  5.00  -1.25098043
  6.00  -1.64773055
  7.00  -1.36802876
  8.00  -1.29450181
  9.00  -1.91137246
 10.00  -1.93906085
 11.00  -1.60629289
 12.00  -1.20806487
 13.00  -1.91663697
 14.00  -1.74277845
 15.00  -1.75050053
 16.00  -1.21144173
 17.00  -1.79153129
 18.00  -1.22396919
 19.00  -1.61780972
 20.00  -1.66956509
 21.00  -1.06549292
 22.00  -1.71388320
 23.00  -1.30367566
 24.00  -1.56852050
 25.00  -1.17348007
 26.00  -1.63150120
 27.00  -1.34590757
 28.00  -1.28968520
 29.00  -1.90981051
 30.00  -1.91102178
 31.00  -1.60846930
 32.00  -1.21445590
 33.00  -1.92891370
 34.00  -1.75040992
 35.00  -1.73595407
 36.00  -1.19898541
 37.00  -1.83011785
 38.00  -1.23732105
 39.00  -1.63150874
 40.00  -1.71072280
 41.00  -1.05206624
 42.00  -1.68893316
 43.00  -1.28854778
 44.00  -1.62539926
 45.00  -1.25809933
 46.00  -1.63647404
 47.00  -1.35578346
 48.00  -1.27343584
 49.00  -1.88999407
 50.00  -1.90776517
 51.00  -1.61278141
 52.00  -1.20027664
 53.00  -1.93013958
 54.00  -1.73809864
 55.00  -1.75066800
 56.00  -1.20350576
 57.00  -1.82983018
 58.00  -1.16202628
 59.00  -1.63148924
 60.00  -1.64953414
 61.00  -1.06645247
 62.00  -1.71353271
 63.00  -1.31165446
 64.00  -1.62441662
 65.00  -1.24923574
 66.00  -1.64948791
 67.00  -1.36055989
 68.00  -1.27523453
 69.00  -1.90183096
 70.00  -1.93872442
 71.00  -1.56448024
 72.00  -1.21423798
 73.00  -1.85839996
 74.00  -1.75044998
 75.00  -1.73834023
 76.00  -1.20252698
 77.00  -1.75962639
 78.00  -1.16240989
 79.00  -1.60490840
 80.00  -1.69835320
 81.00  -1.03140224
 82.00  -1.71391915
 83.00  -1.31457795
 84.00  -1.62099252
 85.00  -1.21326857
 86.00  -1.61842907
 87.00  -1.37008488
 88.00  -1.29335887
 89.00  -1.89475923
 90.00  -1.91248198
 91.00  -1.60865890
 92.00  -1.20839312
 93.00  -1.92715080
 94.00  -1.74919753
 95.00  -1.75072549
 96.00  -1.21097700
 97.00  -1.81821245
 98.00  -1.23499231
 99.00  -1.61122593
100.00  -1.69642220
101.00  -1.04560655
102.00  -1.69626957
103.00  -1.27462376
104.00  -1.54635522
105.00  -1.25545842
106.00  -1.63538494
107.00  -1.37097226
108.00  -1.29355854
109.00  -1.89577060
110.00  -1.90104070
111.00  -1.54311167
112.00  -1.18816266
113.00  -1.91581392
114.00  -1.75044869
115.00  -1.73289423
116.00  -1.21067865
117.00  -1.81208248
118.00  -1.20448986
119.00  -1.62777603
120.00  -1.70335455
121.00  -1.06585253
122.00  -1.69428403
123.00  -1.32765204
124.00  -1.49187283
125.00  -1.25709503
126.00  -1.64969777
127.00  -1.35300608
128.00  -1.29146521
129.00  -1.91106879
130.00  -1.93689399
131.00  -1.46888265
132.00  -1.21435970
133.00  -1.93874370
134.00  -1.67329867
135.00  -1.72769498
136.00  -1.12034452
137.00  -1.82855811
138.00  -1.23507255
139.00  -1.60159542
140.00  -1.71072890
141.00  -1.06653408
142.00  -1.70471328
143.00  -1.33010600
144.00  -1.62032223
145.00  -1.24057562
146.00  -1.64723144
147.00  -1.36975511
148.00  -1.27484815
149.00  -1.87381977
150.00  -1.93170589
151.00  -1.61294373
152.00  -1.20320698
153.00  -1.81022765
154.00  -1.66124387
155.00  -1.72044269
156.00  -1.20732491
157.00  -1.80611583
158.00  -1.22078672
159.00  -1.62983907
160.00  -1.71043855
161.00  -1.06449298
162.00  -1.70690723
163.00  -1.31687644
164.00  -1.59842738
165.00  -1.25674296
166.00  -1.63789707
167.00  -1.36899869
168.00  -1.29016188
169.00  -1.90039975
170.00  -1.94029145
171.00  -1.61254325
172.00  -1.21191287
173.00  -1.91879089
174.00  -1.70754546
175.00  -1.74334152
176.00  -1.16601834
177.00  -1.82452826
178.00  -1.23038487
179.00  -1.63044342
180.00  -1.68996093
181.00  -0.98132282
182.00  -1.70906144
183.00  -1.27962105
184.00  -1.59622195
185.00  -1.24906699
186.00  -1.62203137
187.00  -1.37099088
188.00  -1.28363020
189.00  -1.88581288
190.00  -1.93925596
191.00  -1.58688554
192.00  -1.20936908
193.00  -1.91035911
194.00  -1.74458529
195.00  -1.74603981
196.00  -1.04342451
197.00  -1.82952238
198.00  -1.19675977
199.00  -1.61269660
200.00  -1.67279725
201.00  -1.05950440
202.00  -1.71282995
203.00  -1.32967540
204.00  -1.60552726
205.00  -1.25715193
206.00  -1.65099604
207.00  -1.36069990
208.00  -1.26235662
209.00  -1.90968271
210.00  -1.94143605
211.00  -1.59513507
212.00  -1.10256908
213.00  -1.93099609
214.00  -1.74461935
215.00  -1.74942317
216.00  -1.12239065
217.00  -1.82145414
218.00  -1.21940337
219.00  -1.60593735
220.00  -1.67315186
221.00  -1.05534392
222.00  -1.65153647
223.00  -1.32695057
224.00  -1.58754747
225.00  -1.16608401
226.00  -1.61145728
227.00  -1.29920209
228.00  -1.29025145
229.00  -1.78062705
230.00  -1.90676613
231.00  -1.49360819
232.00  -1.20707030
233.00  -1.93839073
234.00  -1.72786655
235.00  -1.45134504
236.00  -1.18568485
237.00  -1.80622255
238.00  -1.23975536
239.00  -1.57881095
240.00  -1.70863690
241.00  -1.05144081
242.00  -1.68908848
243.00  -1.32724058
244.00  -1.55698561
245.00  -1.20496944
246.00  -1.64622392
247.00  -1.37016994
248.00  -1.25978689
249.00  -1.91118974
250.00  -1.93716480
251.00  -1.60028652
252.00  -1.21374402
253.00  -1.93928793
254.00  -1.75027813
255.00  -1.67622984
256.00  -1.20010092
257.00  -1.78604016
258.00  -1.23954301
259.00  -1.62453529
260.00  -1.70877896
261.00  -1.06651760
262.00  -1.71392265
263.00  -1.32905810
264.00  -1.50796806
265.00  -1.22884793
266.00  -1.64888201
267.00  -1.36695809
268.00  -1.27541825
269.00  -1.88328690
270.00  -1.93260440
271.00  -1.52469341
272.00  -1.21341153
273.00  -1.90305463
274.00  -1.74732701
275.00  -1.73833751
276.00  -1.19516950
277.00  -1.80024797
278.00  -1.18065704
279.00  -1.62158779
280.00  -1.70977649
281.00  -1.05401165
282.00  -1.71225151
283.00  -1.30454128
284.00  -1.62377874
285.00  -1.25782666
286.00  -1.61283960
287.00  -1.36537594
288.00  -1.29464440
289.00  -1.85735790
290.00  -1.94229735
291.00  -1.58636405
292.00  -1.18990937
293.00  -1.93898776
294.00  -1.72544145
295.00  -1.69879548
296.00  -1.18475477
297.00  -1.81967553
298.00  -1.24009872
299.00  -1.63052356
300.00  -1.70724928
301.00  -1.01013914
302.00  -1.69260770
303.00  -1.32481733
304.00  -1.56632203
305.00  -1.25405829
306.00  -1.62712830
307.00  -1.35804658
308.00  -1.29405276
309.00  -1.90487421
310.00  -1.94249816
311.00  -1.60146131
312.00  -1.18800242
313.00  -1.93936545
314.00  -1.73343650
315.00  -1.74883963
316.00  -1.17232984
317.00  -1.82218960
318.00  -1.23993687
319.00  -1.63091359
320.00  -1.70754175
321.00  -1.03370091
322.00  -1.60540317
323.00  -1.33003554
324.00  -1.61860282
325.00  -1.24750797
326.00  -1.56737135
327.00  -1.36022393
328.00  -1.28590032
329.00  -1.88389676
330.00  -1.94244630
331.00  -1.61148403
332.00  -1.14577821
333.00  -1.85049880
334.00  -1.66868694
335.00  -1.74985757
336.00  -1.19446069
337.00  -1.81967416
338.00  -1.21965834
339.00  -1.53503899
340.00  -1.69661704
341.00  -1.04834244
342.00  -1.70080228
343.00  -1.31952151
344.00  -1.60198200
345.00  -1.23706593
346.00  -1.64004754
347.00  -1.36600603
348.00  -1.29282952
349.00  -1.85494476
350.00  -1.94088599
351.00  -1.60729366
352.00  -1.20821151
353.00  -1.85119082
354.00  -1.74933996
355.00  -1.73478606
356.00  -1.21028870
357.00  -1.82534260
358.00  -1.23963886
359.00  -1.61937861
360.00  -1.69949759
361.00  -1.02402254
362.00  -1.61572924
363.00  -1.31246365
364.00  -1.61428679
365.00  -1.25750379
366.00  -1.47804265
367.00  -1.34290229
368.00  -1.29436118
369.00  -1.91175666
370.00  -1.93398284
371.00  -1.61332366
372.00  -1.21205203
373.00  -1.89980456
374.00  -1.74054721
375.00  -1.73643499
376.00  -1.20746602
377.00  -1.82921084
378.00  -1.23998526
379.00  -1.56448372
380.00  -1.71067408
381.00  -1.04654005
382.00  -1.63700240
383.00  -1.31867057
384.00  -1.60220778
385.00  -1.25797607
386.00  -1.64903679
387.00  -1.37072648
388.00  -1.28516473
389.00  -1.87030411
390.00  -1.89676665
391.00  -1.60430869
392.00  -1.21167528
393.00  -1.93915740
394.00  -1.74810864
395.00  -1.74546613
396.00  -1.19617127
397.00  -1.78587155
398.00  -1.23361853
399.00  -1.62860449
400.00  -1.69179557
401.00  -1.03389328
402.00  -1.71363830
403.00  -1.32914540
404.00  -1.62493027
405.00  -1.25683744
406.00  -1.62373772
407.00  -1.36908969
408.00  -1.26543830
409.00  -1.91173084
410.00  -1.92322243
411.00  -1.61056054
412.00  -1.21362518
413.00  -1.89012321
414.00  -1.71653349
415.00  -1.75103736
416.00  -1.10025624
417.00  -1.79384589
418.00  -1.23968574
419.00  -1.59651766
420.00  -1.69726939
421.00  -1.04320850
422.00  -1.70860249
423.00  -1.24349101
424.00  -1.60363431
425.00  -1.25319777
426.00  -1.63363641
427.00  -1.30428283
428.00  -1.29330604
429.00  -1.84988004
430.00  -1.92312924
431.00  -1.60398915
432.00  -1.19900852
433.00  -1.89896942
434.00  -1.74838443
435.00  -1.72470658
436.00  -1.17782360
437.00  -1.82898146
438.00  -1.23974861
439.00  -1.63131117
440.00  -1.70449238
441.00  -1.06595413
442.00  -1.68207682
443.00  -1.32037254
444.00  -1.61447727
445.00  -1.25687951
446.00  -1.64032006
447.00  -1.36765185
448.00  -1.27373828
449.00  -1.91170643
450.00  -1.92720673
451.00  -1.61324692
452.00  -1.21337515
453.00  -1.93940305
454.00  -1.74694461
455.00  -1.74712608
456.00  -1.20617167
457.00  -1.81993599
458.00  -1.20713118
459.00  -1.63158659
460.00  -1.64623244
461.00  -1.04695011
462.00  -1.70031652
463.00  -1.29400641
464.00  -1.48757438
465.00  -1.21717704
466.00  -1.62515729
467.00  -1.33937244
468.00  -1.27970218
469.00  -1.91097080
470.00  -1.94237927
471.00  -1.59904114
472.00  -1.21046350
473.00  -1.93387499
474.00  -1.62928820
475.00  -1.70222087
476.00  -1.20970043
477.00  -1.82606152
478.00  -1.19357114
479.00  -1.62895854
480.00  -1.70806205
481.00  -1.05274563
482.00  -1.71035102
483.00  -1.33008489
484.00  -1.62489785
485.00  -1.25812787
486.00  -1.64108355
487.00  -1.35849982
488.00  -1.29443584
489.00  -1.86619982
490.00  -1.93810755
491.00  -1.48113949
492.00  -1.21429963
493.00  -1.91582769
494.00  -1.74682228
495.00  -1.75094740
496.00  -1.20073302
497.00  -1.76701348
498.00  -1.21252945
499.00  -1.60415389
500.00  -1.64765114
501.00  -1.06458861
502.00  -1.70715657
503.00  -1.32985470
504.00  -1.62542918
505.00  -1.25146268
506.00  -1.61165786
507.00  -1.35736505
508.00  -1.18287729
509.00  -1.88702362
510.00  -1.92934526
511.00  -1.58321532
512.00  -1.21447000
513.00  -1.93032651
514.00  -1.54968878
515.00  -1.67368741
516.00  -1.21133372
517.00  -1.73713327
518.00  -1.23391319
519.00  -1.62064645
520.00  -1.70607431
521.00  -1.01763029
522.00  -1.65565130
523.00  -1.33006618
524.00  -1.62539827
525.00  -1.21946239
526.00  -1.64741272
527.00  -1.36732059
528.00  -1.29468448
529.00  -1.90659121
530.00  -1.93132370
531.00  -1.61318798
532.00  -1.21083444
533.00  -1.92031127
534.00  -1.74870863
535.00  -1.73856361
536.00  -1.20948188
537.00  -1.78707058
538.00  -1.17850006
539.00  -1.62679766
540.00  -1.68760214
541.00  -1.06129235
542.00  -1.71386253
543.00  -1.33009023
544.00  -1.62543948
545.00  -1.21309809
546.00  -1.64623700
547.00  -1.34469224
548.00  -1.29382851
549.00  -1.87934594
550.00  -1.87401987
551.00  -1.53755838
552.00  -1.19489420
553.00  -1.93883703
554.00  -1.74967208
555.00  -1.74613140
556.00  -1.20156199
557.00  -1.80571680
558.00  -1.23973658
559.00  -1.56690080
560.00  -1.71054570
561.00  -1.06277117
562.00  -1.69158962
563.00  -1.31298704
564.00  -1.61976919
565.00  -1.25679923
566.00  -1.64161995
567.00  -1.34254311
568.00  -1.26222424
569.00  -1.89656665
570.00  -1.91699953
571.00  -1.60540900
572.00  -1.17527213
573.00  -1.88599979
574.00  -1.74847663
575.00  -1.70129979
576.00  -1.19391144
577.00  -1.82722494
578.00  -1.23555263
579.00  -1.63129385
580.00  -1.60435427
581.00  -1.05444341
582.00  -1.70048191
583.00  -1.31949705
584.00  -1.51400056
585.00  -1.16628497
586.00  -1.64377667
587.00  -1.35771059
588.00  -1.29481986
589.00  -1.91067136
590.00  -1.90269802
591.00  -1.58430780
592.00  -1.21273795
593.00  -1.91471038
594.00  -1.73816313
595.00  -1.74888060
596.00  -1.20516754
597.00  -1.81938055
598.00  -1.02862300
599.00  -1.62611538
600.00  -1.64100110
601.00  -1.06547771
602.00  -1.70128324
603.00  -1.29283924
604.00  -1.61668284
605.00  -1.17091657
606.00  -1.64734712
607.00  -1.36315034
608.00  -1.19600339
609.00  -1.83719554
610.00  -1.91131389
611.00  -1.59204305
612.00  -1.21442110
613.00  -1.88740853
614.00  -1.72846274
615.00  -1.74926472
616.00  -1.19561396
617.00  -1.83015074
618.00  -1.23007378
619.00  -1.59584725
620.00  -1.59907367
621.00  -1.00351156
622.00  -1.71255429
623.00  -1.32831143
624.00  -1.62119343
625.00  -1.24937427
626.00  -1.64405423
627.00  -1.35399281
628.00  -1.28541344
629.00  -1.88640228
630.00  -1.92886399
631.00  -1.57683877
632.00  -1.21368990
633.00  -1.89166991
634.00  -1.74890160
635.00  -1.75015335
636.00  -1.20706990
637.00  -1.82439181
638.00  -1.08093639
639.00  -1.62746288
640.00  -1.67656075
641.00  -1.06471242
642.00  -1.68180502
643.00  -1.32982417
644.00  -1.61671857
645.00  -1.24377957
646.00  -1.65100552
647.00  -1.36796098
648.00  -1.26716770
649.00  -1.86981784
650.00  -1.94121798
651.00  -1.59706599
652.00  -1.16525061
653.00  -1.87229465
654.00  -1.72623577
655.00  -1.70310579
656.00  -1.21102747
657.00  -1.77455778
658.00  -1.22165827
659.00  -1.62855708
660.00  -1.70549367
661.00  -1.04111591
662.00  -1.71268164
663.00  -1.32964010
664.00  -1.61630889
665.00  -1.23841945
666.00  -1.61737629
667.00  -1.36526887
668.00  -1.28937773
669.00  -1.87933291
670.00  -1.90600002
671.00  -1.59693297
672.00  -1.10025552
673.00  -1.91945090
674.00  -1.68687955
675.00  -1.66930653
676.00  -1.20571916
677.00  -1.82860582
678.00  -1.22284516
679.00  -1.62623557
680.00  -1.66123969
681.00  -1.05342999
682.00  -1.70570636
683.00  -1.32995894
684.00  -1.61992340
685.00  -1.25798445
686.00  -1.57306594
687.00  -1.34177637
688.00  -1.28273773
689.00  -1.70010329
690.00  -1.93339570
691.00  -1.60338395
692.00  -1.21276218
693.00  -1.91751312
694.00  -1.71792260
695.00  -1.73677870
696.00  -1.05838167
697.00  -1.66764949
698.00  -1.18550374
699.00  -1.63125102
700.00  -1.69544541
701.00  -0.95158257
702.00  -1.69641807
703.00  -1.32965471
704.00  -1.61530253
705.00  -1.17869020
706.00  -1.55590583
707.00  -1.37062539
708.00  -1.27562421
709.00  -1.89411349
710.00  -1.94171456
711.00  -1.60225857
712.00  -1.17983067
713.00  -1.93290698
714.00  -1.74109557
715.00  -1.71785448
716.00  -1.21166550
717.00  -1.79332510
718.00  -1.16076798
719.00  -1.63161273
720.00  -1.69744148
721.00  -1.05737110
722.00  -1.70998192
723.00  -1.26112223
724.00  -1.62193982
725.00  -1.23588803
726.00  -1.63192580
727.00  -1.36364057
728.00  -1.27817378
729.00  -1.90235098
730.00  -1.89570657
731.00  -1.61354931
732.00  -1.21241378
733.00  -1.93506154
734.00  -1.72942785
735.00  -1.73873658
736.00  -1.21165967
737.00  -1.77459306
738.00  -1.23425700
739.00  -1.63150234
740.00  -1.69765100
741.00  -1.05892888
742.00  -1.69449031
743.00  -1.28301728
744.00  -1.62483140
745.00  -1.16669496
746.00  -1.64690244
747.00  -1.34673787
748.00  -1.29148005
749.00  -1.85738483
750.00  -1.91334316
751.00  -1.59748418
752.00  -1.20360269
753.00  -1.93394912
754.00  -1.74540758
755.00  -1.73303619
756.00  -1.14595118
757.00  -1.77611668
758.00  -1.14440591
759.00  -1.63155055
760.00  -1.68112183
761.00  -1.02579273
762.00  -1.68240352
763.00  -1.33005947
764.00  -1.60023376
765.00  -1.25495662
766.00  -1.64910590
767.00  -1.24594459
768.00  -1.29184203
769.00  -1.79803085
770.00  -1.93665719
771.00  -1.55666267
772.00  -1.19207549
773.00  -1.92550501
774.00  -1.74664324
775.00  -1.75098230
776.00  -1.20837332
777.00  -1.82900689
778.00  -1.23439649
779.00  -1.60509665
780.00  -1.70228767
781.00  -1.06268064
782.00  -1.70721682
783.00  -1.28106829
784.00  -1.60913695
785.00  -1.25691917
786.00  -1.64194686
787.00  -1.37094014
788.00  -1.29019799
789.00  -1.74702447
790.00  -1.93689847
791.00  -1.61290121
792.00  -1.21442103
793.00  -1.93941876
794.00  -1.71181602
795.00  -1.74998893
796.00  -1.20628939
797.00  -1.79000365
798.00  -1.22109298
799.00  -1.57879199
800.00  -1.63350874
801.00  -1.05699996
802.00  -1.66038082
803.00  -1.32951703
804.00  -1.60197834
805.00  -1.24227563
806.00  -1.60781334
807.00  -1.37039546
808.00  -1.29428444
809.00  -1.90986958
810.00  -1.93557396
811.00  -1.53400847
812.00  -1.15587314
813.00  -1.85903804
814.00  -1.74416155
815.00  -1.74966235
816.00  -1.20017875
817.00  -1.83015990
818.00  -1.23968395
819.00  -1.62914061
820.00  -1.66228251
821.00  -1.03165735
822.00  -1.71299489
823.00  -1.32998767
824.00  -1.62074904
825.00  -1.23509834
826.00  -1.65028206
827.00  -1.36841653
828.00  -1.24770716
829.00  -1.90783740
830.00  -1.82913977
831.00  -1.58942860
832.00  -1.15416218
833.00  -1.93617095
834.00  -1.72614271
835.00  -1.74868449
836.00  -1.18815750
837.00  -1.81417501
838.00  -1.15833263
839.00  -1.58216477
840.00  -1.68507822
841.00  -1.03360652
842.00  -1.52767311
843.00  -1.31151844
844.00  -1.62301250
845.00  -1.23781566
846.00  -1.63574784
847.00  -1.36608593
848.00  -1.27786571
849.00  -1.87290425
850.00  -1.94243423
851.00  -1.50388205
852.00  -1.21280904
853.00  -1.93530175
854.00  -1.72209176
855.00  -1.73014322
856.00  -1.19926342
857.00  -1.82923115
858.00  -1.19158770
859.00  -1.59933040
860.00  -1.70957555
861.00  -1.05948512
862.00  -1.70706848
863.00  -1.31789261
864.00  -1.60485652
865.00  -1.25803844
866.00  -1.62687625
867.00  -1.34330613
868.00  -1.29270895
869.00  -1.91095394
870.00  -1.94206338
871.00  -1.60894038
872.00  -1.20802101
873.00  -1.89446223
874.00  -1.75031698
875.00  -1.72093025
876.00  -1.18413089
877.00  -1.82594010
878.00  -1.22782554
879.00  -1.53906767
880.00  -1.70859916
881.00  -1.06234601
882.00  -1.66139578
883.00  -1.21980465
884.00  -1.60582157
885.00  -1.24754530
886.00  -1.63026900
887.00  -1.37111320
888.00  -1.27677542
889.00  -1.90266904
890.00  -1.91058806
891.00  -1.61346374
892.00  -1.18933700
893.00  -1.89181398
894.00  -1.74682971
895.00  -1.73550379
896.00  -1.19375101
897.00  -1.82923156
898.00  -1.21086211
899.00  -1.63149652
900.00  -1.71026840
901.00  -1.06102732
902.00  -1.68685434
903.00  -1.29256988
904.00  -1.62538047
905.00  -1.25408957
906.00  -1.65082557
907.00  -1.36615287
908.00  -1.27405125
909.00  -1.91130801
910.00  -1.94162428
911.00  -1.61276345
912.00  -1.21191553
913.00  -1.90301741
914.00  -1.75017062
915.00  -1.69249812
916.00  -1.19349326
917.00  -1.82198576
918.00  -1.23785053
919.00  -1.60415276
920.00  -1.70513118
921.00  -1.05726333
922.00  -1.71080715
923.00  -1.32535121
924.00  -1.61839603
925.00  -1.24288214
926.00  -1.60564702
927.00  -1.35284957
928.00  -1.28650803
929.00  -1.90458943
930.00  -1.91522345
931.00  -1.59035582
932.00  -1.18329980
933.00  -1.93658488
934.00  -1.68022406
935.00  -1.74824210
936.00  -1.19626453
937.00  -1.82939090
938.00  -1.23850706
939.00  -1.58860494
940.00  -1.70404927
941.00  -1.02233750
942.00  -1.69154069
943.00  -1.32916722
944.00  -1.61928015
945.00  -1.25568243
946.00  -1.58210920
947.00  -1.35724866
948.00  -1.27967315
949.00  -1.91157379
950.00  -1.91048102
951.00  -1.60296310
952.00  -1.21395160
953.00  -1.93719226
954.00  -1.71725998
955.00  -1.55687659
956.00  -1.21149598
957.00  -1.82843057
958.00  -1.23362352
959.00  -1.62200354
960.00  -1.68953670
961.00  -1.05551433
962.00  -1.66841106
963.00  -1.32420697
964.00  -1.56113643
965.00  -1.21023598
966.00  -1.63421164
967.00  -1.37095627
968.00  -1.28642708
969.00  -1.85339137
970.00  -1.93208929
971.00  -1.59369580
972.00  -1.18746540
973.00  -1.92908182
974.00  -1.74850475
975.00  -1.75108988
976.00  -1.18434987
977.00  -1.80438615
978.00  -1.21500160
979.00  -1.62719987
980.00  -1.70282491
981.00  -0.99534744
982.00  -1.66271738
983.00  -1.32933328
984.00  -1.60969144
985.00  -1.21137613
986.00  -1.64139511
987.00  -1.37076635
988.00  -1.28213472
989.00  -1.79727981
990.00  -1.91662054
991.00  -1.60305940
992.00  -1.20329102
993.00  -1.93312808
994.00  -1.74882101
995.00  -1.64397875
996.00  -1.13659656
997.00  -1.81474482
998.00  -1.18277787
999.00  -1.63117967
1000.00  -1.70727443
1001.00  -1.05399975
1002.00  -1.71387642
1003.00  -1.32637963
1004.00  -1.62449522
1005.00  -1.24845063
1006.00  -1.64574672
1007.00  -1.36542266
1008.00  -1.28710540
1009.00  -1.83802156
1010.00  -1.94242528
1011.00  -1.59798915
1012.00  -1.19390141
1013.00  -1.93444887
1014.00  -1.74054917
1015.00  -1.74772133
1016.00  -1.13743544
1017.00  -1.82497663
1018.00  -1.12512507
1019.00  -1.45987445
1020.00  -1.71002637
1021.00  -1.03862161
1022.00  -1.71358847
1023.00  -1.29483298
1024.00  -1.61029463
1025.00  -1.25677869
1026.00  -1.64481926
1027.00  -1.34708798
1028.00  -1.25642104
1029.00  -1.89935252
1030.00  -1.94245503
1031.00  -1.61328835
1032.00  -1.20872081
1033.00  -1.91764047
1034.00  -1.74883475
1035.00  -1.73619793
1036.00  -1.16877850
1037.00  -1.76991150
1038.00  -1.23917163
1039.00  -1.63157037
1040.00  -1.71073978
1041.00  -1.01230962
1042.00  -1.71039876
1043.00  -1.32893055
1044.00  -1.58115118
1045.00  -1.25727340
1046.00  -1.64460178
1047.00  -1.36890303
1048.00  -1.29189422
1049.00  -1.90382962
1050.00  -1.93266510
1051.00  -1.61096434
1052.00  -1.21261032
1053.00  -1.85025235
1054.00  -1.74949232
1055.00  -1.74633249
1056.00  -1.20710443
1057.00  -1.83014133
1058.00  -1.16087080
1059.00  -1.62166520
1060.00  -1.71065890
1061.00  -1.06369086
1062.00  -1.71358147
1063.00  -1.32324808
1064.00  -1.61422739
1065.00  -1.25127148
1066.00  -1.61868519
1067.00  -1.30697351
1068.00  -1.19545498
1069.00  -1.89788359
1070.00  -1.92841127
1071.00  -1.57772852
1072.00  -1.21317106
1073.00  -1.91958586
1074.00  -1.67572115
1075.00  -1.73458547
1076.00  -1.20051313
1077.00  -1.81012266
1078.00  -1.21032901
1079.00  -1.63122197
1080.00  -1.71073999
1081.00  -1.06559376
1082.00  -1.69670105
1083.00  -1.32907639
1084.00  -1.54331043
1085.00  -1.23714198
1086.00  -1.64721394
1087.00  -1.31818116
1088.00  -1.29284840
1089.00  -1.91134179
1090.00  -1.91025258
1091.00  -1.60991477
1092.00  -1.21245533
1093.00  -1.93313511
1094.00  -1.74182312
1095.00  -1.74837978
1096.00  -1.18621292
1097.00  -1.82285520
1098.00  -1.23361095
1099.00  -1.61722954
1100.00  -1.67361960
1101.00  -1.06555441
1102.00  -1.71230327
1103.00  -1.32456106
1104.00  -1.60523945
1105.00  -1.25444159
1106.00  -1.65095782
1107.00  -1.34608406
1108.00  -1.29403101
1109.00  -1.90782744
1110.00  -1.91768923
1111.00  -1.61340845
1112.00  -1.19842661
1113.00  -1.93349272
1114.00  -1.72319956
1115.00  -1.74733354
1116.00  -1.17719365
1117.00  -1.82794934
1118.00  -1.17398131
1119.00  -1.63132127
1120.00  -1.70818839
1121.00  -1.00126121
1122.00  -1.66088937
1123.00  -1.31892592
1124.00  -1.62027535
1125.00  -1.24633679
1126.00  -1.64894798
1127.00  -1.37114923
1128.00  -1.29227242
1129.00  -1.88111376
1130.00  -1.93974616
1131.00  -1.60557708
1132.00  -1.21373249
1133.00  -1.86666732
1134.00  -1.75014682
1135.00  -1.73697591
1136.00  -1.18442051
1137.00  -1.83005347
1138.00  -1.22373134
1139.00  -1.62983526
1140.00  -1.65409824
1141.00  -1.06607045
1142.00  -1.69831611
1143.00  -1.32181706
1144.00  -1.60245200
1145.00  -1.25591154
1146.00  -1.61999793
1147.00  -1.36862561
1148.00  -1.28118612
1149.00  -1.88450068
1150.00  -1.91250883
1151.00  -1.61336567
1152.00  -1.21432518
1153.00  -1.93656831
1154.00  -1.72532792
1155.00  -1.74085322
1156.00  -1.17548580
1157.00  -1.82267972
1158.00  -1.22846268
1159.00  -1.61201229
1160.00  -1.70938446
1161.00  -1.06656881
1162.00  -1.66885686
1163.00  -1.30244904
1164.00  -1.62502643
1165.00  -1.23779946
1166.00  -1.64585948
1167.00  -1.37015723
1168.00  -1.29444933
1169.00  -1.89942966
1170.00  -1.93957043
1171.00  -1.61180960
1172.00  -1.21010041
1173.00  -1.93773226
1174.00  -1.74160295
1175.00  -1.75108816
1176.00  -1.17076100
1177.00  -1.79769159
1178.00  -1.20113284
1179.00  -1.62765358
1180.00  -1.53946518
1181.00  -1.06569406
1182.00  -1.68126197
1183.00  -1.28217337
1184.00  -1.53009370
1185.00  -1.25523273
1186.00  -1.62811278
1187.00  -1.35489329
1188.00  -1.24687609
1189.00  -1.90971983
1190.00  -1.93184675
1191.00  -1.56633571
1192.00  -1.19461122
1193.00  -1.89839987
1194.00  -1.68921926
1195.00  -1.74522720
1196.00  -1.20869305
1197.00  -1.82934556
1198.00  -1.22115165
1199.00  -1.62406361
1200.00  -1.69640123
1201.00  -0.99788964
1202.00  -1.71337306
1203.00  -1.26508780
1204.00  -1.55844462
1205.00  -1.25774223
1206.00  -1.62931188
1207.00  -1.34653936
1208.00  -1.29148974
1209.00  -1.91078751
1210.00  -1.90217089
1211.00  -1.54954482
1212.00  -1.16526614
1213.00  -1.93780961
1214.00  -1.71890726
1215.00  -1.74777876
1216.00  -1.19530446
1217.00  -1.82931424
1218.00  -1.21872779
1219.00  -1.61945436
1220.00  -1.71010281
1221.00  -1.06196683
1222.00  -1.70910464
1223.00  -1.32970423
1224.00  -1.62543855
1225.00  -1.25683968
1226.00  -1.64493035
1227.00  -1.37089657
1228.00  -1.29224713
1229.00  -1.90595566
1230.00  -1.90374046
1231.00  -1.59533831
1232.00  -1.21385108
1233.00  -1.93105398
1234.00  -1.73257339
1235.00  -1.73919173
1236.00  -1.18590586
1237.00  -1.79448402
1238.00  -1.22998753
1239.00  -1.62562714
1240.00  -1.70191910
1241.00  -1.01360524
1242.00  -1.71366721
1243.00  -1.32741918
1244.00  -1.61088331
1245.00  -1.24541745
1246.00  -1.62722770
1247.00  -1.37048031
1248.00  -1.27075031
1249.00  -1.87342058
1250.00  -1.91363386
1251.00  -1.61245001
1252.00  -1.20880411
1253.00  -1.81297149
1254.00  -1.68305666
1255.00  -1.67011585
1256.00  -1.21050428
1257.00  -1.82120567
1258.00  -1.23964741
1259.00  -1.62862064
1260.00  -1.69922090
1261.00  -1.05249282
1262.00  -1.70577894
1263.00  -1.30301344
1264.00  -1.62451464
1265.00  -1.25368535
1266.00  -1.59901732
1267.00  -1.36211995
1268.00  -1.29021278
1269.00  -1.91103216
1270.00  -1.93749402
1271.00  -1.59711395
1272.00  -1.21296423
1273.00  -1.91756825
1274.00  -1.74344826
1275.00  -1.70879002
1276.00  -0.89244059
1277.00  -1.82181681
1278.00  -1.21553428
1279.00  -1.59148165
1280.00  -1.69394999
1281.00  -1.03285871
1282.00  -1.70975353
1283.00  -1.31763696
1284.00  -1.59655527
1285.00  -1.25125373
1286.00  -1.63856503
1287.00  -1.35382734
1288.00  -1.28859642
1289.00  -1.86668699
1290.00  -1.93432528
1291.00  -1.50968456
1292.00  -1.21212534
1293.00  -1.90128287
1294.00  -1.66993978
1295.00  -1.74569213
1296.00  -1.17378612
1297.00  -1.82487208
1298.00  -1.22848052
1299.00  -1.62900895
1300.00  -1.69672706
1301.00  -1.05147831
1302.00  -1.64553142
1303.00  -1.27638626
1304.00  -1.62264994
1305.00  -1.25474083
1306.00  -1.43717873
1307.00  -1.36419693
1308.00  -1.27927230
1309.00  -1.90955831
1310.00  -1.92167053
1311.00  -1.59532200
1312.00  -1.19788702
1313.00  -1.93888744
1314.00  -1.74032432
1315.00  -1.68248058
1316.00  -1.21153340
1317.00  -1.80620043
1318.00  -1.22539902
1319.00  -1.59060329
1320.00  -1.70049503
1321.00  -1.06617496
1322.00  -1.64840648
1323.00  -1.32971378
1324.00  -1.62411481
1325.00  -1.20199569
1326.00  -1.64782534
1327.00  -1.35541557
1328.00  -1.28248320
1329.00  -1.89747462
1330.00  -1.93714763
1331.00  -1.60423679
1332.00  -1.19873434
1333.00  -1.93902640
1334.00  -1.74323352
1335.00  -1.68388804
1336.00  -1.20947740
1337.00  -1.82121981
1338.00  -1.23908948
1339.00  -1.61681697
1340.00  -1.68209498
1341.00  -1.06504321
1342.00  -1.71155261
1343.00  -1.32053774
1344.00  -1.60940616
1345.00  -1.25811758
1346.00  -1.61366480
1347.00  -1.37069825
1348.00  -1.24325977
1349.00  -1.89875374
1350.00  -1.93450367
1351.00  -1.60332506
1352.00  -1.21347531
1353.00  -1.86915228
1354.00  -1.74304344
1355.00  -1.73828951
1356.00  -1.21140205
1357.00  -1.82772526
1358.00  -1.24007554
1359.00  -1.62730074
1360.00  -1.70257267
1361.00  -1.06545554
1362.00  -1.70353815
1363.00  -1.32336278
1364.00  -1.62443470
1365.00  -1.25808057
1366.00  -1.64205482
1367.00  -1.31125037
1368.00  -1.29319710
1369.00  -1.81854368
1370.00  -1.91531436
1371.00  -1.58889092
1372.00  -1.21009604
1373.00  -1.86116822
1374.00  -1.71970124
1375.00  -1.72615516
1376.00  -1.20779990
1377.00  -1.79518345
1378.00  -1.22215055
1379.00  -1.63159979
1380.00  -1.70779035
1381.00  -1.06125600
1382.00  -1.68009447
1383.00  -1.32994017
1384.00  -1.62532364
1385.00  -1.25049355
1386.00  -1.61595690
1387.00  -1.36027578
1388.00  -1.29476100
1389.00  -1.88833557
1390.00  -1.87495202
1391.00  -1.60890575
1392.00  -1.21211700
1393.00  -1.93941855
1394.00  -1.74700700
1395.00  -1.73002077
1396.00  -1.18121050
1397.00  -1.79760004
1398.00  -1.20996295
1399.00  -1.59818794
1400.00  -1.70780375
1401.00  -0.94073022
1402.00  -1.71315718
1403.00  -1.30971753
1404.00  -1.60930202
1405.00  -1.25452956
1406.00  -1.64691740
1407.00  -1.32459783
1408.00  -1.28819702
1409.00  -1.89193270
1410.00  -1.93873476
1411.00  -1.57181408
1412.00  -1.20629071
1413.00  -1.87375789
1414.00  -1.74992600
1415.00  -1.73898121
1416.00  -1.10912567
1417.00  -1.76021528
1418.00  -1.23512186
1419.00  -1.63037406
1420.00  -1.70912404
1421.00  -1.05626362
1422.00  -1.66975020
1423.00  -1.29410575
1424.00  -1.61607391
1425.00  -1.24779543
1426.00  -1.65089964
1427.00  -1.34784820
1428.00  -1.24183369
1429.00  -1.91169757
1430.00  -1.93189532
1431.00  -1.60104624
1432.00  -1.20625220
1433.00  -1.93812678
1434.00  -1.74937918
1435.00  -1.69566141
1436.00  -1.21000935
1437.00  -1.79296775
1438.00  -1.23766493
1439.00  -1.62968647
1440.00  -1.70122156
1441.00  -1.06510830
1442.00  -1.59729484
1443.00  -1.31345307
1444.00  -1.62379041
1445.00  -1.25811293
1446.00  -1.63039645
1447.00  -1.26654881
1448.00  -1.24241323
1449.00  -1.83478158
1450.00  -1.94139222
1451.00  -1.58309301
1452.00  -1.21383782
1453.00  -1.93786367
1454.00  -1.75044684
1455.00  -1.71382104
1456.00  -1.20664156
1457.00  -1.82867980
1458.00  -1.22402033
1459.00  -1.63158089
1460.00  -1.71059422
1461.00  -0.98085412
1462.00  -1.70854870
1463.00  -1.32907204
1464.00  -1.60752724
1465.00  -1.25781114
1466.00  -1.59132238
1467.00  -1.37098765
1468.00  -1.27069724
1469.00  -1.84636101
1470.00  -1.91213794
1471.00  -1.61353591
1472.00  -1.21195835
1473.00  -1.93934784
1474.00  -1.74877098
1475.00  -1.55820838
1476.00  -1.14965266
1477.00  -1.81337592
1478.00  -1.23820870
1479.00  -1.62677941
1480.00  -1.70514926
1481.00  -1.04884567
1482.00  -1.68357350
1483.00  -1.28882209
1484.00  -1.62106708
1485.00  -1.22239929
1486.00  -1.58277225
1487.00  -1.36799339
1488.00  -1.29225196
1489.00  -1.90817964
1490.00  -1.93049140
1491.00  -1.60917860
1492.00  -1.15168831
1493.00  -1.93808178
1494.00  -1.73329531
1495.00  -1.72496079
1496.00  -1.18834481
1497.00  -1.82867832
1498.00  -1.20166839
1499.00  -1.62499352
1500.00  -1.71063815
1501.00  -1.06524590
1502.00  -1.71170491
1503.00  -1.30978586
1504.00  -1.51079333
1505.00  -1.25608968
1506.00  -1.63492597
1507.00  -1.36351843
1508.00  -1.29315515
1509.00  -1.85435754
1510.00  -1.84241640
1511.00  -1.61085206
1512.00  -1.17360133
1513.00  -1.93904558
1514.00  -1.74888965
1515.00  -1.72485733
1516.00  -1.17216560
1517.00  -1.79561143
1518.00  -1.21262041
1519.00  -1.63120396
1520.00  -1.70368467
1521.00  -1.06647134
1522.00  -1.71154943
1523.00  -1.32865011
1524.00  -1.61708662
1525.00  -1.21923988
1526.00  -1.62416863
1527.00  -1.36326331
1528.00  -1.29357384
1529.00  -1.90419957
1530.00  -1.87101066
1531.00  -1.59159082
1532.00  -1.16847680
1533.00  -1.93349736
1534.00  -1.71985466
1535.00  -1.74931031
1536.00  -1.18881268
1537.00  -1.82729460
1538.00  -1.23780647
1539.00  -1.59526759
1540.00  -1.67191520
1541.00  -1.06359663
1542.00  -1.60270742
1543.00  -1.32418685
1544.00  -1.61170652
1545.00  -1.25408240
1546.00  -1.64879679
1547.00  -1.35152802
1548.00  -1.25085693
1549.00  -1.89918825
1550.00  -1.90456173
1551.00  -1.61214267
1552.00  -1.21437373
1553.00  -1.93842716
1554.00  -1.72409274
1555.00  -1.74603031
1556.00  -1.19305588
1557.00  -1.82237661
1558.00  -1.18817686
1559.00  -1.61678137
1560.00  -1.71002858
1561.00  -1.05867437
1562.00  -1.69219750
1563.00  -1.32990773
1564.00  -1.57080828
1565.00  -1.25229381
1566.00  -1.64956348
1567.00  -1.21389014
1568.00  -1.29429316
1569.00  -1.90916436
1570.00  -1.90839971
1571.00  -1.60006655
1572.00  -1.20764025
1573.00  -1.93740957
1574.00  -1.71385304
1575.00  -1.74741822
1576.00  -1.17477648
1577.00  -1.82538936
1578.00  -1.23457954
1579.00  -1.62499573
1580.00  -1.67748752
1581.00  -1.06615228
1582.00  -1.66268804
1583.00  -1.30591705
1584.00  -1.62267005
1585.00  -1.22083912
1586.00  -1.63123354
1587.00  -1.35137539
1588.00  -1.29115444
1589.00  -1.90433834
1590.00  -1.91834976
1591.00  -1.59538012
1592.00  -1.12271101
1593.00  -1.91973794
1594.00  -1.74111576
1595.00  -1.74649245
1596.00  -1.17403820
1597.00  -1.83010546
1598.00  -1.16952494
1599.00  -1.62754887
1600.00  -1.68924904
1601.00  -1.05888879
1602.00  -1.71367191
1603.00  -1.32735790
1604.00  -1.60436181
1605.00  -1.20624340
1606.00  -1.65039354
1607.00  -1.36772179
1608.00  -1.29153218
1609.00  -1.91172307
1610.00  -1.94242637
1611.00  -1.59952179
1612.00  -1.13944607
1613.00  -1.90493464
1614.00  -1.73537683
1615.00  -1.73328223
1616.00  -1.20482641
1617.00  -1.81455814
1618.00  -1.20318217
1619.00  -1.63133939
1620.00  -1.70095695
1621.00  -1.05536378
1622.00  -1.71357494
1623.00  -1.32740537
1624.00  -1.60920915
1625.00  13.70015369
1626.00  -1.63333977
1627.00  -1.36399815
1628.00  -1.27642793
1629.00  -1.90565324
1630.00  -1.91310162
1631.00  -1.57910917
1632.00  -1.21421898
1633.00  -1.89050645
1634.00  -1.74947718
1635.00  -1.73422411
1636.00  -1.20868095
1637.00  -1.76035436
1638.00  -1.22324207
1639.00  -1.62961451
1640.00  -1.67089158
1641.00  -0.94410114
1642.00  -1.65590347
1643.00  -1.32355097
1644.00  -1.50403817
1645.00  27.05677840
1646.00  -1.64210233
1647.00  -1.35930390
1648.00  -1.27968549
1649.00  -1.90714254
1650.00  -1.91092315
1651.00  -1.60830166
1652.00  -1.10781377
1653.00  -1.92919926
1654.00  -1.68341277
1655.00  -1.67056497
1656.00  -1.20964862
1657.00  -1.80826355
1658.00  -1.23953294
1659.00  -1.60729944
1660.00  -1.71062992
1661.00  -1.06547506
1662.00  -1.70491052
1663.00  -1.28367807
1664.00  -1.61991525
1665.00  -1.25614082
1666.00  -1.62242988
1667.00  -1.37024160
1668.00  -1.27545811
1669.00  -1.90084487
1670.00  -1.92481913
1671.00  -1.60872310
1672.00  -1.15130974
1673.00  -1.92225743
1674.00  -1.57712499
1675.00  -1.71961252
1676.00  -1.21077831
1677.00  -1.82906797
1678.00  -1.22913184
1679.00  -1.62421155
1680.00  -1.66452400
1681.00  -0.99324289
1682.00  -1.68738671
1683.00  -1.32938365
1684.00  -1.61646199
1685.00  -1.19430285
1686.00  -1.65021894
1687.00  -1.35942498
1688.00  -1.29406126
1689.00  -1.82230733
1690.00  -1.93949927
1691.00  -1.61322959
1692.00  -1.18847404
1693.00  -1.93696947
1694.00  -1.74696260
1695.00  -1.60524389
1696.00  -1.19603241
1697.00  -1.80799999
1698.00  -1.23965441
1699.00  -1.63161776
1700.00  -1.65514899
1701.00  -1.04650240
1702.00  -1.71346462
1703.00  -1.32570897
1704.00  -1.60969645
1705.00  -1.23786443
1706.00  -1.64848730
1707.00  -1.36295503
1708.00  -1.28471284
1709.00  -1.91140675
1710.00  -1.94242049
1711.00  -1.61352520
1712.00  -1.21263127
1713.00  -1.91622722
1714.00  -1.72202275
1715.00  -1.72475486
1716.00  -1.17417793
1717.00  -1.81953449
1718.00  -1.23322229
1719.00  -1.62835029
1720.00  -1.71026728
1721.00  -1.04427577
1722.00  -1.64305615
1723.00  -1.32964720
1724.00  -1.58301181
1725.00  -1.25812990
1726.00  -1.64820329
1727.00  -1.36922907
1728.00  -1.29416743
1729.00  -1.90116356
1730.00  -1.93093476
1731.00  -1.59246508
1732.00  -1.15056595
1733.00  -1.93028225
1734.00  -1.74205581
1735.00  -1.73823914
1736.00  -1.14856064
1737.00  -1.81695249
1738.00  -1.23299206
1739.00  -1.61517856
1740.00  -1.70840026
1741.00  -1.06605736
1742.00  -1.70911095
1743.00  -1.32008979
1744.00  -1.58067237
1745.00  -1.25243959
1746.00  -1.59454703
1747.00  -1.36584515
1748.00  -1.27765448
1749.00  -1.91090575
1750.00  -1.93977266
1751.00  -1.59040248
1752.00  -1.21394884
1753.00  -1.75926598
1754.00  -1.74836301
1755.00  -1.74343805
1756.00  -1.20236575
1757.00  -1.82862147
1758.00  -1.19385088
1759.00  -1.62264238
1760.00  -1.65220220
1761.00  -1.06505984
1762.00  -1.68842821
1763.00  -1.28023915
1764.00  -1.59264472
1765.00  -1.24616783
1766.00  -1.59233792
1767.00  -1.32317225
1768.00  -1.28953439
1769.00  -1.89697030
1770.00  -1.93463453
1771.00  -1.60221298
1772.00  -1.21284334
1773.00  -1.93901681
1774.00  -1.74057705
1775.00  -1.74397148
1776.00  -1.14654671
1777.00  -1.82990824
1778.00  -1.22506418
1779.00  -1.62343033
1780.00  -1.70053800
1781.00  -1.06654477
1782.00  -1.70321972
1783.00  -1.32710453
1784.00  -1.61670792
1785.00  -1.23707481
1786.00  -1.64488362
1787.00  -1.32342438
1788.00  -1.29474951
1789.00  -1.90485772
1790.00  -1.93819436
1791.00  -1.61201606
1792.00  -1.17703975
1793.00  -1.92693852
1794.00  -1.73925628
1795.00  -1.74408261
1796.00  -1.20805838
1797.00  -1.77969039
1798.00  -1.23113984
1799.00  -1.62381302
1800.00  -1.71020961
1801.00  -1.02050492
1802.00  -1.71270034
1803.00  -1.31831839
1804.00  -1.61582781
1805.00  -1.24583755
1806.00  -1.64815222
1807.00  -1.34732541
1808.00  -1.29267640
1809.00  -1.91004126
1810.00  -1.91222774
1811.00  -1.60527825
1812.00  -1.20876413
1813.00  -1.87804072
1814.00  -1.75044425
1815.00  -1.75108607
1816.00  -1.21005053
1817.00  -1.79958394
1818.00  -1.17351650
1819.00  -1.61597696
1820.00  -1.69567629
1821.00  -1.06587427
1822.00  -1.71387262
1823.00  -1.30654821
1824.00  -1.60810555
1825.00  -1.25306882
1826.00  -1.64855149
1827.00  -1.28650536
1828.00  -1.29461936
1829.00  -1.91175715
1830.00  -1.92619847
1831.00  -1.60943364
1832.00  -1.19239305
1833.00  -1.93924469
1834.00  -1.75019327
1835.00  -1.73512398
1836.00  -1.13675673
1837.00  -1.81213066
1838.00  -1.23872737
1839.00  -1.63160665
1840.00  -1.70656860
1841.00  -1.04433254
1842.00  -1.70958010
1843.00  -1.32887113
1844.00  -1.62304632
1845.00  -1.19639251
1846.00  -1.60220629
1847.00  -1.36509999
1848.00  -1.29417688
1849.00  -1.87381338
1850.00  -1.94202064
1851.00  -1.59779498
1852.00  -1.19060068
1853.00  -1.93885445
1854.00  -1.74389943
1855.00  -1.75069179
1856.00  -1.19846903
1857.00  -1.82536053
1858.00  -1.23921584
1859.00  -1.59069644
1860.00  -1.70970626
1861.00  -1.06401824
1862.00  -1.70686416
1863.00  -1.29663387
1864.00  -1.62481238
1865.00  -1.24348964
1866.00  -1.63984245
1867.00  -1.36593210
1868.00  -1.26942910
1869.00  -1.89905579
1870.00  -1.93732164
1871.00  -1.60402191
1872.00  -1.21151784
1873.00  -1.86348344
1874.00  -1.71464004
1875.00  -1.72798338
1876.00  -1.20945304
1877.00  -1.82411142
1878.00  -1.22188263
1879.00  -1.60974307
1880.00  -1.71066917
1881.00  -1.06421192
1882.00  -1.70811728
1883.00  -1.22826426
1884.00  -1.58883488
1885.00  -1.23867038
1886.00  -1.65008677
1887.00  -1.36597673
1888.00  -1.29382457
1889.00  -1.90238839
1890.00  -1.93314505
1891.00  -1.55643335
1892.00  -1.19286548
1893.00  -1.93298352
1894.00  -1.74852228
1895.00  -1.74211142
1896.00  -1.18789496
1897.00  -1.77963489
1898.00  -1.23520699
1899.00  -1.62304568
1900.00  -1.68657255
1901.00  -1.06656830
1902.00  -1.67291620
1903.00  -1.31070987
1904.00  -1.62040783
1905.00  -1.24860235
1906.00  -1.64791145
1907.00  -1.35701809
1908.00  -1.29449634
1909.00  -1.85622079
1910.00  -1.90365677
1911.00  -1.56886909
1912.00  -1.21325643
1913.00  -1.93940550
1914.00  -1.74007530
1915.00  -1.73667461
1916.00  -1.20491044
1917.00  -1.82689030
1918.00  -1.23913134
1919.00  -1.61906790
1920.00  -1.70489249
1921.00  -1.05261020
1922.00  -1.70405842
1923.00  -1.32578185
1924.00  -1.61898773
1925.00  -1.23191482
1926.00  -1.61373816
1927.00  -1.36845052
1928.00  -1.26901088
1929.00  -1.90411268
1930.00  -1.89763435
1931.00  -1.61028356
1932.00  -1.15467806
1933.00  -1.90920143
1934.00  -1.74766175
1935.00  -1.62857870
1936.00  -1.21167428
1937.00  -1.82970596
1938.00  -1.23223548
1939.00  -1.57263542
1940.00  -1.62190815
1941.00  -0.93101130
1942.00  -1.69347977
1943.00  -1.32764637
1944.00  -1.61532550
1945.00  -1.25103990
1946.00  -1.58346955
1947.00  -1.36533424
1948.00  -1.17759144
1949.00  -1.82265026
1950.00  -1.93992634
1951.00  -1.53567155
1952.00  -1.12555617
1953.00  -1.93496125
1954.00  -1.62740712
1955.00  -1.74996061
1956.00  -1.21092781
1957.00  -1.80222822
1958.00  -1.16540071
1959.00  -1.63161335
1960.00  -1.70975973
1961.00  -0.98009105
1962.00  -1.69957046
1963.00  -1.31826140
1964.00  -1.62412106
1965.00  -1.23089982
1966.00  -1.65054594
1967.00  -1.36669517
1968.00  -1.29122813
1969.00  -1.90976106
1970.00  -1.83997233
1971.00  -1.53123433
1972.00  -1.17555095
1973.00  -1.92883076
1974.00  -1.70537732
1975.00  -1.74446628
1976.00  -1.14558960
1977.00  -1.83015289
1978.00  -1.23483246
1979.00  -1.61574384
1980.00  -1.70892680
1981.00  -1.00104873
1982.00  -1.64609844
1983.00  -1.21446628
1984.00  -1.62251488
1985.00  -1.20558798
1986.00  -1.64469191
1987.00  -1.31945778
1988.00  -1.29164154
1989.00  -1.89741198
1990.00  -1.91110649
1991.00  -1.60843609
1992.00  -1.19443479
1993.00  -1.92492945
1994.00  -1.74823496
1995.00  -1.74339781
1996.00  -1.15454217
1997.00  -1.79985810
1998.00  -1.23961509
1999.00  -1.63061083
2000.00  -1.68095588
2001.00  -1.03049878
2002.00  -1.66922783
2003.00  -1.30081562
2004.00  -1.62012382
2005.00  -1.22245219
2006.00  -1.64238878
2007.00  -1.25360923
2008.00  -1.28850838
2009.00  -1.75864627
2010.00  -1.91968135
2011.00  -1.53731654
2012.00  -1.16735190
2013.00  -1.93791580
2014.00  -1.71634525
2015.00  -1.73332536
2016.00  -1.21168853
2017.00  -1.79918010
2018.00  -1.19311795
2019.00  -1.62504037
2020.00  -1.68921115
2021.00  -1.06613585
2022.00  -1.53811269
2023.00  -1.30369465
2024.00  -1.54925169
2025.00  -1.21811430
2026.00  -1.63817728
2027.00  -1.30128889
2028.00  -1.19254507
2029.00  -1.86190735
2030.00  -1.93988526
2031.00  -1.61190603
2032.00  -1.19558139
2033.00  -1.93757598
2034.00  -1.75044394
2035.00  -1.75092025
2036.00  -1.15050762
2037.00  -1.81312479
2038.00  -1.24009389
2039.00  -1.60400118
2040.00  -1.70162632
2041.00  -1.06445767
2042.00  -1.71312540
2043.00  -1.31862741
2044.00  -1.50341475
2045.00  -1.24974622
2046.00  -1.65099617
2047.00  -1.37102598
2048.00  -1.27322414
2049.00  -1.90576623
2050.00  -1.93685270
2051.00  -1.60539205
2052.00  -1.20639833
2053.00  -1.91875472
2054.00  -1.74680933
2055.00  -1.70236627
2056.00  -1.16502544
2057.00  -1.77461420
2058.00  -1.23412807
2059.00  -1.48741610
2060.00  -1.70463067
2061.00  -1.06576818
2062.00  -1.61255967
2063.00  -1.32813210
2064.00  -1.61737892
2065.00  -1.24315103
2066.00  -1.50203340
2067.00  -1.36934771
2068.00  -1.29479392
2069.00  -1.88533302
2070.00  -1.94234848
2071.00  -1.49533728
2072.00  -1.20053866
2073.00  -1.93816581
2074.00  -1.74260521
2075.00  -1.71627895
2076.00  -1.17016264
2077.00  -1.75529284
2078.00  -1.21613928
2079.00  -1.63158607
2080.00  -1.70760419
2081.00  -1.06654909
2082.00  -1.70395281
2083.00  -1.32144317
2084.00  -1.62523849
2085.00  -1.11747383
2086.00  -1.65090513
2087.00  -1.36731161
2088.00  -1.28760831
2089.00  -1.90387017
2090.00  -1.92801940
2091.00  -1.61044759
2092.00  -1.21341782
2093.00  -1.93704012
2094.00  -1.74842161
2095.00  -1.72431192
2096.00  -1.15476411
2097.00  -1.82577140
2098.00  -1.20922953
2099.00  -1.63027200
2100.00  -1.70962056
2101.00  -1.03785278
2102.00  -1.70974779
2103.00  -1.32914851
2104.00  -1.62051300
2105.00  -1.21135203
2106.00  -1.64094199
2107.00  -1.37067167
2108.00  -1.28360680
2109.00  -1.85468037
2110.00  -1.93649220
2111.00  -1.61336219
2112.00  -1.19767398
2113.00  -1.93936095
2114.00  -1.75008042
2115.00  -1.71945470
2116.00  -1.20326626
2117.00  -1.81790633
2118.00  -1.19562468
2119.00  -1.63144189
2120.00  -1.71071425
2121.00  -1.05152041
2122.00  -1.68409256
2123.00  -1.32114312
2124.00  -1.61288052
2125.00  -1.22738682
2126.00  -1.65074941
2127.00  -1.35820913
2128.00  -1.28287590
2129.00  -1.91087794
2130.00  -1.91623213
2131.00  -1.59222817
2132.00  -1.20357983
2133.00  -1.91237448
2134.00  -1.74201467
2135.00  -1.71316257
2136.00  -1.20449105
2137.00  -1.82415214
2138.00  -1.22317617
2139.00  -1.60631286
2140.00  -1.70438481
2141.00  -1.06305596
2142.00  -1.57296944
2143.00  -1.27852735
2144.00  -1.62299210
2145.00  -1.22107951
2146.00  -1.65100050
2147.00  -1.33628891
2148.00  -1.29142279
2149.00  -1.87680660
2150.00  -1.92637231
2151.00  -1.60250473
2152.00  -1.21222579
2153.00  -1.93848981
2154.00  -1.72213244
2155.00  -1.75108935
2156.00  -1.20868924
2157.00  -1.82452287
2158.00  -1.22312427
2159.00  -1.61966477
2160.00  -1.65720264
2161.00  -0.98646087
2162.00  -1.70423379
2163.00  -1.32999399
2164.00  -1.62520912
2165.00  -1.17463948
2166.00  -1.64834699
2167.00  -1.36714619
2168.00  -1.29448606
2169.00  -1.90649956
2170.00  -1.88980379
2171.00  -1.59093979
2172.00  -1.19830917
2173.00  -1.89210722
2174.00  -1.73383953
2175.00  -1.65851500
2176.00  -1.18630380
2177.00  -1.77384908
2178.00  -1.23859103
2179.00  -1.57701659
2180.00  -1.70525287
2181.00  -1.04552859
2182.00  -1.71188539
2183.00  -1.32450060
2184.00  -1.50694343
2185.00  -1.19942748
2186.00  -1.61410706
2187.00  -1.31989564
2188.00  -1.29401964
2189.00  -1.85166111
2190.00  -1.93052728
2191.00  -1.60146936
2192.00  -1.16740688
2193.00  -1.93941823
2194.00  -1.72725801
2195.00  -1.74053489
2196.00  -1.21167218
2197.00  -1.82865803
2198.00  -1.23141926
2199.00  -1.63158871
2200.00  -1.70909064
2201.00  -1.06638505
2202.00  -1.64949113
2203.00  -1.29449068
2204.00  -1.62540737
2205.00  -1.21747480
2206.00  -1.63705110
2207.00  -1.35026746
2208.00  -1.27305337
2209.00  -1.83230634
2210.00  -1.92389382
2211.00  -1.58883287
2212.00  -1.20803913
2213.00  -1.92323870
2214.00  -1.70656328
2215.00  -1.73363414
2216.00  -1.17196974
2217.00  -1.74344613
2218.00  -1.23511832
2219.00  -1.60344623
2220.00  -1.65901613
2221.00  -1.05922290
2222.00  -1.67136042
2223.00  -1.30667920
2224.00  -1.61445131
2225.00  -1.22986963
2226.00  -1.64899991
2227.00  -1.28500443
2228.00  -1.28757754
2229.00  -1.83968543
2230.00  -1.94241342
2231.00  -1.61152349
2232.00  -1.19066599
2233.00  -1.93917486
2234.00  -1.72790855
2235.00  -1.74014735
2236.00  -1.21075256
2237.00  -1.83006059
2238.00  -1.23869325
2239.00  -1.63153441
2240.00  -1.71037549
2241.00  -1.03053041
2242.00  -1.70712011
2243.00  -1.33003134
2244.00  -1.59734654
2245.00  -1.25811302
2246.00  -1.53282729
2247.00  -1.33583856
2248.00  -1.27965384
2249.00  -1.90211530
2250.00  -1.90278218
2251.00  -1.61329959
2252.00  -1.21445438
2253.00  -1.93800005
2254.00  -1.73632019
2255.00  -1.75054367
2256.00  -1.20901521
2257.00  -1.76838100
2258.00  -1.22738352
2259.00  -1.62136420
2260.00  -1.70980052
2261.00  -1.06319165
2262.00  -1.68721666
2263.00  -1.32916007
2264.00  -1.62285108
2265.00  -1.22968763
2266.00  -1.64974431
2267.00  -1.34873561
2268.00  -1.28080565
2269.00  -1.90591402
2270.00  -1.93953102
2271.00  -1.60514590
2272.00  -1.20754311
2273.00  -1.91427286
2274.00  -1.74755898
2275.00  -1.73852941
2276.00  -1.20399595
2277.00  -1.78634012
2278.00  -1.20724711
2279.00  -1.62937030
2280.00  -1.70925039
2281.00  -1.06655058
2282.00  -1.70456936
2283.00  -1.22942053
2284.00  -1.52796427
2285.00  -1.25496016
2286.00  -1.64292664
2287.00  -1.36808809
2288.00  -1.27957318
2289.00  -1.88540897
2290.00  -1.92637567
2291.00  -1.55904696
2292.00  -1.21218516
2293.00  -1.90843569
2294.00  -1.75044375
2295.00  -1.73718413
2296.00  -1.19265949
2297.00  -1.76688612
2298.00  -1.22814276
2299.00  -1.61096917
2300.00  -1.70381772
2301.00  -1.05319747
2302.00  -1.59600486
2303.00  -1.32753130
2304.00  -1.61987627
2305.00  -1.23215182
2306.00  -1.63411456
2307.00  -1.33359607
2308.00  -1.28287559
2309.00  -1.90627319
2310.00  -1.94049404
2311.00  -1.61279927
2312.00  -1.19254097
2313.00  -1.91345500
2314.00  -1.73604299
2315.00  -1.64773448
2316.00  -1.21121022
2317.00  -1.81486966
2318.00  -1.17485079
2319.00  -1.60184814
2320.00  -1.70825059
2321.00  -1.02274984
2322.00  -1.71391121
2323.00  -1.32127202
2324.00  -1.60914174
2325.00  -1.25385159
2326.00  -1.63018689
2327.00  -1.36879276
2328.00  -1.28496554
2329.00  -1.87799334
2330.00  -1.89520833
2331.00  -1.59460430
2332.00  -1.21240733
2333.00  -1.93814327
2334.00  -1.74976290
2335.00  -1.71398183
2336.00  -1.20910872
2337.00  -1.80911099
2338.00  -1.22168193
2339.00  -1.62524202
2340.00  -1.63303124
2341.00  -1.04959942
2342.00  -1.71056918
2343.00  -1.32957619
2344.00  -1.62333002
2345.00  -1.25442531
2346.00  -1.64501219
2347.00  -1.36494551
2348.00  -1.29391551
2349.00  -1.86156687
2350.00  -1.87902825
2351.00  -1.60005520
2352.00  -1.20754008
2353.00  -1.93940684
2354.00  -1.74296425
2355.00  -1.74386219
2356.00  -1.19790170
2357.00  -1.82889772
2358.00  -1.22672473
2359.00  -1.62394078
2360.00  -1.61551231
2361.00  -1.01344499
2362.00  -1.68516363
2363.00  -1.31893766
2364.00  -1.60864204
2365.00  -1.25606873
2366.00  -1.64952178
2367.00  -1.36847497
2368.00  -1.25090515
2369.00  -1.90997166
2370.00  -1.93753013
2371.00  -1.45177767
2372.00  -1.21432818
2373.00  -1.93871006
2374.00  -1.72456319
2375.00  -1.75081208
2376.00  -1.19801732
2377.00  -1.79080398
2378.00  -1.23632250
2379.00  -1.62562326
2380.00  -1.69199388
2381.00  -1.04590844
2382.00  -1.66036855
2383.00  -1.29972205
2384.00  -1.62526674
2385.00  -1.21246319
2386.00  -1.64963485
2387.00  -1.35905780
2388.00  -1.28086449
2389.00  -1.90575417
2390.00  -1.91259062
2391.00  -1.59313852
2392.00  -1.17985641
2393.00  -1.84977954
2394.00  -1.70927454
2395.00  -1.74902077
2396.00  -1.21066198
2397.00  -1.80078770
2398.00  -1.23344091
2399.00  -1.63052531
2400.00  -1.69452069
2401.00  -1.05217147
2402.00  -1.71391985
2403.00  -1.30476622
2404.00  -1.61647381
2405.00  -1.25783897
2406.00  -1.65086484
2407.00  -1.37109096
2408.00  -1.29389203
2409.00  -1.89003532
2410.00  -1.91649387
2411.00  -1.60297095
2412.00  -1.15903442
2413.00  -1.93777524
2414.00  -1.73616222
2415.00  -1.63975513
2416.00  -1.20073526
2417.00  -1.82991888
2418.00  -1.21080415
2419.00  -1.60866720
2420.00  -1.70749665
2421.00  -1.06591295
2422.00  -1.71112373
2423.00  -1.33004888
2424.00  -1.61542081
2425.00  -1.24645436
2426.00  -1.64035102
2427.00  -1.35434939
2428.00  -1.27749129
2429.00  -1.87336445
2430.00  -1.93173377
2431.00  -1.60785357
2432.00  -1.20746035
2433.00  -1.89978009
2434.00  -1.74915573
2435.00  -1.72247787
2436.00  -1.18847189
2437.00  -1.76976333
2438.00  -1.23929979
2439.00  -1.63140540
2440.00  -1.69010827
2441.00  -1.06092855
2442.00  -1.68150162
2443.00  -1.33006321
2444.00  -1.60519021
2445.00  -1.21731607
2446.00  -1.61979592
2447.00  -1.29663799
2448.00  -1.23030338
2449.00  -1.90753985
2450.00  -1.93666795
2451.00  -1.58378134
2452.00  -1.20017825
2453.00  -1.93778549
2454.00  -1.74997440
2455.00  -1.71624417
2456.00  -1.20279203
2457.00  -1.80443282
2458.00  -1.23999093
2459.00  -1.63161594
2460.00  -1.70047143
2461.00  -1.05903943
2462.00  -1.70302792
2463.00  -1.26065152
2464.00  -1.59328300
2465.00  -1.25712537
2466.00  -1.59608847
2467.00  -1.37037232
2468.00  -1.25525942
2469.00  -1.89427262
2470.00  -1.94202940
2471.00  -1.61157932
2472.00  -1.21413625
2473.00  -1.92370891
2474.00  -1.71831038
2475.00  -1.74926666
2476.00  -1.19153724
2477.00  -1.80919569
2478.00  -1.22870216
2479.00  -1.63160196
2480.00  -1.71072568
2481.00  -1.05897936
2482.00  -1.45334965
2483.00  -1.31570404
2484.00  -1.61165731
2485.00  -1.25677545
2486.00  -1.58479905
2487.00  -1.36190128
2488.00  -1.27018054
2489.00  -1.89492959
2490.00  -1.91436544
2491.00  -1.60234674
2492.00  -1.19878608
2493.00  -1.90429714
2494.00  -1.72773460
2495.00  -1.72533593
2496.00  -1.21004132
2497.00  -1.81172412
2498.00  -1.13022153
2499.00  -1.61795288
2500.00  -1.60986729
2501.00  -1.06091695
2502.00  -1.69576227
2503.00  -1.25195056
2504.00  -1.62478640
2505.00  -1.24377724
2506.00  -1.62739561
2507.00  -1.32982740
2508.00  -1.26492259
2509.00  -1.85648740
2510.00  -1.91477078
2511.00  -1.59995490
2512.00  -1.21231902
2513.00  -1.92779954
2514.00  -1.74916688
2515.00  -1.74848733
2516.00  -1.20245159
2517.00  -1.82922337
2518.00  -1.23060164
2519.00  -1.60958262
2520.00  -1.71010905
2521.00  -0.95818402
2522.00  -1.70536232
2523.00  -1.26198877
2524.00  -1.62516309
2525.00  -1.23831061
2526.00  -1.62694520
2527.00  -1.37101641
2528.00  -1.28622576
2529.00  -1.89739272
2530.00  -1.91891842
2531.00  -1.61088216
2532.00  -1.20959575
2533.00  -1.90101977
2534.00  -1.73449690
2535.00  -1.74689390
2536.00  -1.19708076
2537.00  -1.83015881
2538.00  -1.23171933
2539.00  -1.62730631
2540.00  -1.67573149
2541.00  -1.03834304
2542.00  -1.69979506
2543.00  -1.32069391
2544.00  -1.56785657
2545.00  -1.24815542
2546.00  -1.61728039
2547.00  -1.35973498
2548.00  -1.28904318
2549.00  -1.86633655
2550.00  -1.93275637
2551.00  -1.61247580
2552.00  -1.19626265
2553.00  -1.93875696
2554.00  -1.73523491
2555.00  -1.73439199
2556.00  -1.20908268
2557.00  -1.82494826
2558.00  -1.18228589
2559.00  -1.60383225
2560.00  -1.69166296
2561.00  -1.06145528
2562.00  -1.70579394
2563.00  -1.32967809
2564.00  -1.61299860
2565.00  -1.25377080
2566.00  -1.63398694
2567.00  -1.37091974
2568.00  -1.29070535
2569.00  -1.90552356
2570.00  -1.94249933
2571.00  -1.53361175
2572.00  -1.06720941
2573.00  -1.92443944
2574.00  -1.73888786
2575.00  -1.75093202
2576.00  -1.20910017
2577.00  -1.80002385
2578.00  -1.22921351
2579.00  -1.62790585
2580.00  -1.69525111
2581.00  -1.05116676
2582.00  -1.71382702
2583.00  -1.32912789
2584.00  -1.62463286
2585.00  -1.25796854
2586.00  -1.63769777
2587.00  -1.36990274
2588.00  -1.29429778
2589.00  -1.90558623
2590.00  -1.92863433
2591.00  -1.60252841
2592.00  -1.20092394
2593.00  -1.90311918
2594.00  -1.73673266
2595.00  -1.70851181
2596.00  -1.20986838
2597.00  -1.78138936
2598.00  -1.21532268
2599.00  -1.62967841
2600.00  -1.69545416
2601.00  -1.06609368
2602.00  -1.70455305
2603.00  -1.33011999
2604.00  -1.62432534
2605.00  -1.25792234
2606.00  -1.61341131
2607.00  -1.36822323
2608.00  -1.29447004
2609.00  -1.87857144
2610.00  -1.93979680
2611.00  -1.56894249
2612.00  -1.20945235
2613.00  -1.93716355
2614.00  -1.72124723
2615.00  -1.75101259
2616.00  -1.21160612
2617.00  -1.81067689
2618.00  -1.22388325
2619.00  -1.58463188
2620.00  -1.70911526
2621.00  -1.06387742
2622.00  -1.70851909
2623.00  -1.32826825
2624.00  -1.59180411
2625.00  -1.25779137
2626.00  -1.60870062
2627.00  -1.34877263
2628.00  -1.27628038
2629.00  -1.89084712
2630.00  -1.90404869
2631.00  -1.61033963
2632.00  -1.21228467
2633.00  -1.93569156
2634.00  -1.59926705
2635.00  -1.74188739
2636.00  -1.17253197
2637.00  -1.79920841
2638.00  -1.21114823
2639.00  -1.61581362
2640.00  -1.69098239
2641.00  -1.04814719
2642.00  -1.71204249
2643.00  -1.30832278
2644.00  -1.61494367
2645.00  -1.24269183
2646.00  -1.64304327
2647.00  -1.36883058
2648.00  -1.24763685
2649.00  -1.90692780
2650.00  -1.92172027
2651.00  -1.59965909
2652.00  -1.18645527
2653.00  -1.93938703
2654.00  -1.74527898
2655.00  -1.74245243
2656.00  -1.20924877
2657.00  -1.81190567
2658.00  -1.23210732
2659.00  -1.63149072
2660.00  -1.70180579
2661.00  -1.04599989
2662.00  -1.60933152
2663.00  -1.32659610
2664.00  -1.62409761
2665.00  -1.24997192
2666.00  -1.64979356
2667.00  -1.37110075
2668.00  -1.27965366
2669.00  -1.90644212
2670.00  -1.93889563
2671.00  -1.49519870
2672.00  -1.21379343
2673.00  -1.93494617
2674.00  -1.71777870
2675.00  -1.74222145
2676.00  -1.18762085
2677.00  -1.82810000
2678.00  -1.23578352
2679.00  -1.62854812
2680.00  -1.71013200
2681.00  -1.06549838
2682.00  -1.70651255
2683.00  -1.32707672
2684.00  -1.62484715
2685.00  -1.23043640
2686.00  -1.64506646
2687.00  -1.34304624
2688.00  -1.28752331
2689.00  -1.82649604
2690.00  -1.93654807
2691.00  -1.60876440
2692.00  -1.20697613
2693.00  -1.93611675
2694.00  -1.74063398
2695.00  -1.73946823
2696.00  -1.20898693
2697.00  -1.82804369
2698.00  -1.20063969
2699.00  -1.63126943
2700.00  -1.69904598
2701.00  -1.05391067
2702.00  -1.69822448
2703.00  -1.31260730
2704.00  -1.60141180
2705.00  -1.25288119
2706.00  -1.64696294
2707.00  -1.36043463
2708.00  -1.29320831
2709.00  -1.89438619
2710.00  -1.94222414
2711.00  -1.58911239
2712.00  -1.19796824
2713.00  -1.93499462
2714.00  -1.74930517
2715.00  -1.74397139
2716.00  -1.20348854
2717.00  -1.77515025
2718.00  -1.23761519
2719.00  -1.63128890
2720.00  -1.66986458
2721.00  -1.06048178
2722.00  -1.62513207
2723.00  -1.29526924
2724.00  -1.61464137
2725.00  -1.22228073
2726.00  -1.61973983
2727.00  -1.35246364
2728.00  -1.28642109
2729.00  -1.77685711
2730.00  -1.89593484
2731.00  -1.59987744
2732.00  -1.21069728
2733.00  -1.89331828
2734.00  -1.70925771
2735.00  -1.75090726
2736.00  -1.18670187
2737.00  -1.82869153
2738.00  -1.23814831
2739.00  -1.62670284
2740.00  -1.71069948
2741.00  -1.04114167
2742.00  -1.71391425
2743.00  -1.28930342
2744.00  -1.62390183
2745.00  -1.21096270
2746.00  -1.64957840
2747.00  -1.36193545
2748.00  -1.28923795
2749.00  -1.90208628
2750.00  -1.73630090
2751.00  -1.61025145
2752.00  -1.19818406
2753.00  -1.93940697
2754.00  -1.75043095
2755.00  -1.74683375
2756.00  -1.21171981
2757.00  -1.81717743
2758.00  -1.23666641
2759.00  -1.62787408
2760.00  -1.70450116
2761.00  -1.06053847
2762.00  -1.69068830
2763.00  -1.32717864
2764.00  -1.60784918
2765.00  -1.23371980
2766.00  -1.64086250
2767.00  -1.36625838
2768.00  -1.29401860
2769.00  -1.86175999
2770.00  -1.94029672
2771.00  -1.50154459
2772.00  -1.18316227
2773.00  -1.93496331
2774.00  -1.74743605
2775.00  -1.75047551
2776.00  -1.17672118
2777.00  -1.81217071
2778.00  -1.23932917
2779.00  -1.62983426
2780.00  -1.61288154
2781.00  -1.00396041
2782.00  -1.71356819
2783.00  -1.32886529
2784.00  -1.59691051
2785.00  -1.22736464
2786.00  -1.65099708
2787.00  -1.33019349
2788.00  -1.29474884
2789.00  -1.91156969
2790.00  -1.87793137
2791.00  -1.57900074
2792.00  -1.21022176
2793.00  -1.93305316
2794.00  -1.74361544
2795.00  -1.71341250
2796.00  -1.15784101
2797.00  -1.80076447
2798.00  -1.18657493
2799.00  -1.61952342
2800.00  -1.64363641
2801.00  -1.06431086
2802.00  -1.64619111
2803.00  -1.31713265
2804.00  -1.62531323
2805.00  -1.25715691
2806.00  -1.64606560
2807.00  -1.34345047
2808.00  -1.28632833
2809.00  -1.87580620
2810.00  -1.93748510
2811.00  -1.58643558
2812.00  -1.16218677
2813.00  -1.79817591
2814.00  -1.73304386
2815.00  -1.75086427
2816.00  -1.20417910
2817.00  -1.81158512
2818.00  -1.24007697
2819.00  -1.60321811
2820.00  -1.68471794
2821.00  -1.06437848
2822.00  -1.70613278
2823.00  -1.32882160
2824.00  -1.62457593
2825.00  -1.23029940
2826.00  -1.64128356
2827.00  -1.37113718
2828.00  -1.23773480
2829.00  -1.90879208
2830.00  -1.92988699
2831.00  -1.60819914
2832.00  -1.20461164
2833.00  -1.91036308
2834.00  -1.74619326
2835.00  -1.71460527
2836.00  -1.19414149
2837.00  -1.78907264
2838.00  -1.22982912
2839.00  -1.57410375
2840.00  -1.68338176
2841.00  -1.06656086
2842.00  -1.70939064
2843.00  -1.33011991
2844.00  -1.60528487
2845.00  -1.25807317
2846.00  -1.57970554
2847.00  -1.34343629
2848.00  -1.27976311
2849.00  -1.91174942
2850.00  -1.93558875
2851.00  -1.57441376
2852.00  -1.12955998
2853.00  -1.92391455
2854.00  -1.74319512
2855.00  -1.72983428
2856.00  -1.08477893
2857.00  -1.81654018
2858.00  -1.21255653
2859.00  -1.62849745
2860.00  -1.68077112
2861.00  -1.03187619
2862.00  -1.71382661
2863.00  -1.32439081
2864.00  -1.62539881
2865.00  -1.25808591
2866.00  -1.55306241
2867.00  -1.35819938
2868.00  -1.20448809
2869.00  -1.88307762
2870.00  -1.88770691
2871.00  -1.59812800
2872.00  -1.21379815
2873.00  -1.86211761
2874.00  -1.72767208
2875.00  -1.75000930
2876.00  -1.21125744
2877.00  -1.80846284
2878.00  -1.19234315
2879.00  -1.54294902
2880.00  -1.71045863
2881.00  -1.04051617
2882.00  -1.64436482
2883.00  -1.22312247
2884.00  -1.62532684
2885.00  -1.20572148
2886.00  -1.62243682
2887.00  -1.30751113
2888.00  -1.24453780
2889.00  -1.91122371
2890.00  -1.92920433
2891.00  -1.60762047
2892.00  -1.21308779
2893.00  -1.92510266
2894.00  -1.75041631
2895.00  -1.74729072
2896.00  -1.20148210
2897.00  -1.81326230
2898.00  -1.23434189
2899.00  -1.51553844
2900.00  -1.70428728
2901.00  -1.05099891
2902.00  -1.71317896
2903.00  -1.32881788
2904.00  -1.58837603
2905.00  -1.24878359
2906.00  -1.62181008
2907.00  -1.36684086
2908.00  -1.18031419
2909.00  -1.90732312
2910.00  -1.91655357
2911.00  -1.61340724
2912.00  -1.21444945
2913.00  -1.91744857
2914.00  -1.75000561
2915.00  -1.70018330
2916.00  -1.21171979
2917.00  -1.79722760
2918.00  -1.23811801
2919.00  -1.62902425
2920.00  -1.70956403
2921.00  -0.84090111
2922.00  -1.71389063
2923.00  -1.33011050
2924.00  -1.62540209
2925.00  -1.22803302
2926.00  -1.63210247
2927.00  -1.35400509
2928.00  -1.28968594
2929.00  -1.90417305
2930.00  -1.94175352
2931.00  -1.60079960
2932.00  -1.20957157
2933.00  -1.92727189
2934.00  -1.71833853
2935.00  -1.75091245
2936.00  -1.16285899
2937.00  -1.82972109
2938.00  -1.22863157
2939.00  -1.56196231
2940.00  -1.70210324
2941.00  -1.01532898
2942.00  -1.70732025
2943.00  -1.32994988
2944.00  -1.62120936
2945.00  -1.22560391
2946.00  -1.65094981
2947.00  -1.37022539
2948.00  -1.27610120
2949.00  -1.89980172
2950.00  -1.93918537
2951.00  -1.60856390
2952.00  -1.20768986
2953.00  -1.92025955
2954.00  -1.64017362
2955.00  -1.73997263
2956.00  -1.20149762
2957.00  -1.78380649
2958.00  -1.12279176
2959.00  -1.61238633
2960.00  -1.69295284
2961.00  -1.06647294
2962.00  -1.67360125
2963.00  -1.32912406
2964.00  -1.61243906
2965.00  -1.21295122
2966.00  -1.60259969
2967.00  -1.36254371
2968.00  -1.26635441
2969.00  -1.90491984
2970.00  -1.93333534
2971.00  -1.61351702
2972.00  -1.18618963
2973.00  -1.88575337
2974.00  -1.67444622
2975.00  -1.73688068
2976.00  -1.17503063
2977.00  -1.82902865
2978.00  -1.23553825
2979.00  -1.62536067
2980.00  -1.70964736
2981.00  -1.06628505
2982.00  -1.66299960
2983.00  -1.30959027
2984.00  -1.62543070
2985.00  -1.23617513
2986.00  -1.65098136
2987.00  -1.35490597
2988.00  -1.22822513
2989.00  -1.90605086
2990.00  -1.94156143
2991.00  -1.61333651
2992.00  -1.11771210
2993.00  -1.93639990
2994.00  -1.74537650
2995.00  -1.75079324
2996.00  -1.04703672
2997.00  -1.82957449
2998.00  -1.23861091
2999.00  -1.58220674
3000.00  -1.70743413
3001.00  -1.06290555
3002.00  -1.70259890
3003.00  -1.30325309
3004.00  -1.61951814
3005.00  -1.24449634
3006.00  -1.63515685
3007.00  -1.36544595
3008.00  -1.25201314
3009.00  -1.83013804
3010.00  -1.94185336
3011.00  -1.59900776
3012.00  -1.21305651
3013.00  -1.93679575
3014.00  -1.73581655
3015.00  -1.73749886
3016.00  -1.21070725
3017.00  -1.81731080
3018.00  -1.20026039
3019.00  -1.62996908
3020.00  -1.68121712
3021.00  -1.04770835
3022.00  -1.70561755
3023.00  -1.32780294
3024.00  -1.53376590
3025.00  -1.25789897
3026.00  -1.64167600
3027.00  -1.36922317
3028.00  -1.26841263
3029.00  -1.91124691
3030.00  -1.90226743
3031.00  -1.60245950
3032.00  -1.15138675
3033.00  -1.85361235
3034.00  -1.72819133
3035.00  -1.75108943
3036.00  -1.18310132
3037.00  -1.81763548
3038.00  -1.23986907
3039.00  -1.57205195
3040.00  -1.70444877
3041.00  -1.04246697
3042.00  -1.63939967
3043.00  -1.32974775
3044.00  -1.61842214
3045.00  -1.25648871
3046.00  -1.61161595
3047.00  -1.32621930
3048.00  -1.23478013
3049.00  -1.88722673
3050.00  -1.93795542
3051.00  -1.61255065
3052.00  -1.20653209
3053.00  -1.87376293
3054.00  -1.69835875
3055.00  -1.68292864
3056.00  -1.21090812
3057.00  -1.82952160
3058.00  -1.21159234
3059.00  -1.63121380
3060.00  -1.71033464
3061.00  -1.05147235
3062.00  -1.70990406
3063.00  -1.32638283
3064.00  -1.58454440
3065.00  -1.20081506
3066.00  -1.64803840
3067.00  -1.36385488
3068.00  -1.29418491
3069.00  -1.90425284
3070.00  -1.84317402
3071.00  -1.57378954
3072.00  -1.18612359
3073.00  -1.92404598
3074.00  -1.75008543
3075.00  -1.74946987
3076.00  -1.21141220
3077.00  -1.82403484
3078.00  -1.22781274
3079.00  -1.62887830
3080.00  -1.64806530
3081.00  -1.04125082
3082.00  -1.71352411
3083.00  -1.28498832
3084.00  -1.62390709
3085.00  -1.09675666
3086.00  -1.64782568
3087.00  -1.31509965
3088.00  -1.26695329
3089.00  -1.89357925
3090.00  -1.88786370
3091.00  -1.52081125
3092.00  -1.19428720
3093.00  -1.90885001
3094.00  -1.74764672
3095.00  -1.74858510
3096.00  -1.21073000
3097.00  -1.82939630
3098.00  -1.22426645
3099.00  -1.61478460
3100.00  -1.70752312
3101.00  -1.06352264
3102.00  -1.71303610
3103.00  -1.24564178
3104.00  -1.61880882
3105.00  -1.19741643
3106.00  -1.63892485
3107.00  -1.34134642
3108.00  -1.28841531
3109.00  -1.90333638
3110.00  -1.94249735
3111.00  -1.58910600
3112.00  -1.21445201
3113.00  -1.87671940
3114.00  -1.74411413
3115.00  -1.75087668
3116.00  -1.21168447
3117.00  -1.82999605
3118.00  -1.23992142
3119.00  -1.62956535
3120.00  -1.70726817
3121.00  -0.92936094
3122.00  -1.71368687
3123.00  -1.32902326
3124.00  -1.62542508
3125.00  -1.25717865
3126.00  -1.63551210
3127.00  -1.32375154
3128.00  -1.29464959
3129.00  -1.91157045
3130.00  -1.90649330
3131.00  -1.59786216
3132.00  -1.21430313
3133.00  -1.93885598
3134.00  -1.74491076
3135.00  -1.73492685
3136.00  -1.19695298
3137.00  -1.82656971
3138.00  -1.15875695
3139.00  -1.62870087
3140.00  -1.68955289
3141.00  -1.01766506
3142.00  -1.68581028
3143.00  -1.31950112
3144.00  -1.61766817
3145.00  -1.25213160
3146.00  -1.44722570
3147.00  -1.23804922
3148.00  -1.28443135
3149.00  -1.89833395
3150.00  -1.89005845
3151.00  -1.55341629
3152.00  -1.11862449
3153.00  -1.92756909
3154.00  -1.73435068
3155.00  -1.71700620
3156.00  -1.18940874
3157.00  -1.81687856
3158.00  -1.21307259
3159.00  -1.60066286
3160.00  -1.70857274
3161.00  -1.06559858
3162.00  -1.71388177
3163.00  -1.28996516
3164.00  -1.62512600
3165.00  -1.25513447
3166.00  -1.64845184
3167.00  -1.32929743
3168.00  -1.29269340
3169.00  -1.90936732
3170.00  -1.88542130
3171.00  -1.59985035
3172.00  -1.12707327
3173.00  -1.87615816
3174.00  -1.74997631
3175.00  -1.75108572
3176.00  -1.17438810
3177.00  -1.82857184
3178.00  -1.19459944
3179.00  -1.62050358
3180.00  -1.63115999
3181.00  -1.03799712
3182.00  -1.62725287
3183.00  -1.32375702
3184.00  -1.58703936
3185.00  -1.24472196
3186.00  -1.64847613
3187.00  -1.33573234
3188.00  -1.29481738
3189.00  -1.88511735
3190.00  -1.92035755
3191.00  -1.61140159
3192.00  -1.14741276
3193.00  -1.86819103
3194.00  -1.74528895
3195.00  -1.68347119
3196.00  -1.16787870
3197.00  -1.83000510
3198.00  -1.23436099
3199.00  -1.59058627
3200.00  -1.70515344
3201.00  -1.06017280
3202.00  -1.64495524
3203.00  -1.32718844
3204.00  -1.54840469
3205.00  -1.23765428
3206.00  -1.64876563
3207.00  -1.36803573
3208.00  -1.26042065
3209.00  -1.90997330
3210.00  -1.89581237
3211.00  -1.61057274
3212.00  -1.17213174
3213.00  -1.93721222
3214.00  -1.74316821
3215.00  -1.73706608
3216.00  -1.21124643
3217.00  -1.81130887
3218.00  -1.22771379
3219.00  -1.61452087
3220.00  -1.70486003
3221.00  -1.06434069
3222.00  -1.70307627
3223.00  -1.31897380
3224.00  -1.61996565
3225.00  -1.25807690
3226.00  -1.60735852
3227.00  -1.32109615
3228.00  -1.28833308
3229.00  -1.91135722
3230.00  -1.94245212
3231.00  -1.50310344
3232.00  -1.15960824
3233.00  -1.93772191
3234.00  -1.69014223
3235.00  -1.74468247
3236.00  -1.20090131
3237.00  -1.81443956
3238.00  -1.23749356
3239.00  -1.60580742
3240.00  -1.66523188
3241.00  -0.99450250
3242.00  -1.66190326
3243.00  -1.31065810
3244.00  -1.60127988
3245.00  -1.24541664
3246.00  -1.64093609
3247.00  -1.32616189
3248.00  -1.24432970
3249.00  -1.91068879
3250.00  -1.93878052
3251.00  -1.57053948
3252.00  -1.19403276
3253.00  -1.93890785
3254.00  -1.74154822
3255.00  -1.74314909
3256.00  -1.20099715
3257.00  -1.82717495
3258.00  -1.18620497
3259.00  -1.62290923
3260.00  -1.69510918
3261.00  -1.06223343
3262.00  -1.67553988
3263.00  -1.32908441
3264.00  -1.62495699
3265.00  -1.20559824
3266.00  -1.65067695
3267.00  -1.24921529
3268.00  -1.28973014
3269.00  -1.90854837
3270.00  -1.92629487
3271.00  -1.61246712
3272.00  -1.21067263
3273.00  -1.93899387
3274.00  -1.74851138
3275.00  -1.74563921
3276.00  -1.21125061
3277.00  -1.78836198
3278.00  -1.11801852
3279.00  -1.61236835
3280.00  -1.70759051
3281.00  -1.05129237
3282.00  -1.67112579
3283.00  -1.31035653
3284.00  -1.60036372
3285.00  -1.25782682
3286.00  -1.64728845
3287.00  -1.37114593
3288.00  -1.29479519
3289.00  -1.89681154
3290.00  -1.92986084
3291.00  -1.61286776
3292.00  -1.21151043
3293.00  -1.91576062
3294.00  -1.65095239
3295.00  -1.75093907
3296.00  -1.20762653
3297.00  -1.82943167
3298.00  -1.22637927
3299.00  -1.62064574
3300.00  -1.66013981
3301.00  -1.06632747
3302.00  -1.70833771
3303.00  -1.31147978
3304.00  -1.62542328
3305.00  -1.24566463
3306.00  -1.61513504
3307.00  -1.34190090
3308.00  -1.25023478
3309.00  -1.90991003
3310.00  -1.88874253
3311.00  -1.53942619
3312.00  -1.10931453
3313.00  -1.91471898
3314.00  -1.73895754
3315.00  -1.75061072
3316.00  -1.16498879
3317.00  -1.82793036
3318.00  -1.23996380
3319.00  -1.62826216
3320.00  -1.70129212
3321.00  -1.00785820
3322.00  -1.70834994
3323.00  -1.32810537
3324.00  -1.61020945
3325.00  -1.25785035
3326.00  -1.65003047
3327.00  -1.37114094
3328.00  -1.22420632
3329.00  -1.90765316
3330.00  -1.94090936
3331.00  -1.56061247
3332.00  -1.21387928
3333.00  -1.87556734
3334.00  -1.66699985
3335.00  -1.74827375
3336.00  -1.20805728
3337.00  -1.78378435
3338.00  -1.15905311
3339.00  -1.63133533
3340.00  -1.70652450
3341.00  -1.06558511
3342.00  -1.71391675
3343.00  -1.32994552
3344.00  -1.60363543
3345.00  -1.24711735
3346.00  -1.65099630
3347.00  -1.36850584
3348.00  -1.19699428
3349.00  -1.87681132
3350.00  -1.93465998
3351.00  -1.60148826
3352.00  -1.21294988
3353.00  -1.87222963
3354.00  -1.62428263
3355.00  -1.75108880
3356.00  -1.15891502
3357.00  -1.82408644
3358.00  -1.19241633
3359.00  -1.59288609
3360.00  -1.69460611
3361.00  -0.89736116
3362.00  -1.71387186
3363.00  -1.32907797
3364.00  -1.54918489
3365.00  -1.25634450
3366.00  -1.45543437
3367.00  -1.36738754
3368.00  -1.23045284
3369.00  -1.79397579
3370.00  -1.92234427
3371.00  -1.53868236
3372.00  -1.20838570
3373.00  -1.85763971
3374.00  -1.74971882
3375.00  -1.74094149
3376.00  -1.21079984
3377.00  -1.82714066
3378.00  -1.23215898
3379.00  -1.63159847
3380.00  -1.71017605
3381.00  -1.04801344
3382.00  -1.64307563
3383.00  -1.28207892
3384.00  -1.62425237
3385.00  -1.25704869
3386.00  -1.64993489
3387.00  -1.35452959
3388.00  -1.29012712
3389.00  -1.90208405
3390.00  -1.90359921
3391.00  -1.61346231
3392.00  -1.21360533
3393.00  -1.90488839
3394.00  -1.69112716
3395.00  -1.74803421
3396.00  -1.08220654
3397.00  -1.78929268
3398.00  -1.23695502
3399.00  -1.61910001
3400.00  -1.70693129
3401.00  -1.05753812
3402.00  -1.71343953
3403.00  -1.31142446
3404.00  -1.62474494
3405.00  -1.25784617
3406.00  -1.64500895
3407.00  -1.36947372
3408.00  -1.26265857
3409.00  -1.90886620
3410.00  -1.93083277
3411.00  -1.58953593
3412.00  -1.16762139
3413.00  -1.92534568
3414.00  -1.74924755
3415.00  -1.74698179
3416.00  -1.19808660
3417.00  -1.81499449
3418.00  -1.18431355
3419.00  -1.56287318
3420.00  -1.67109187
3421.00  -1.06591744
3422.00  -1.70172939
3423.00  -1.33008917
3424.00  -1.61366068
3425.00  -1.24983875
3426.00  -1.62134030
3427.00  -1.31120389
3428.00  -1.29426250
3429.00  -1.88732672
3430.00  -1.91913966
3431.00  -1.61188049
3432.00  -1.16784581
3433.00  -1.92506376
3434.00  -1.74834804
3435.00  -1.74815763
3436.00  -1.21025639
3437.00  -1.74413496
3438.00  -1.22031980
3439.00  -1.58371965
3440.00  -1.71060298
3441.00  -1.02060303
3442.00  -1.66629812
3443.00  -1.32503979
3444.00  -1.62218806
3445.00  -1.19315792
3446.00  -1.64856332
3447.00  -1.36838624
3448.00  -1.27575941
3449.00  -1.90780459
3450.00  -1.94248148
3451.00  -1.55235444
3452.00  -1.16742083
3453.00  -1.84684728
3454.00  -1.73259016
3455.00  -1.74869435
3456.00  -1.12546348
3457.00  -1.81691750
3458.00  -1.24001600
3459.00  -1.62704248
3460.00  -1.70909837
3461.00  -1.06631999
3462.00  -1.69706904
3463.00  -1.32348638
3464.00  -1.61819722
3465.00  -1.24889674
3466.00  -1.63866137
3467.00  -1.33729220
3468.00  -1.28613266
3469.00  -1.90818495
3470.00  -1.94018147
3471.00  -1.55341073
3472.00  -1.17301112
3473.00  -1.93626661
3474.00  -1.74849128
3475.00  -1.72984279
3476.00  -1.20162836
3477.00  -1.83015083
3478.00  -1.21542791
3479.00  -1.57362239
3480.00  -1.59687472
3481.00  -1.06429784
3482.00  -1.70612571
3483.00  -1.30986126
3484.00  -1.60667295
3485.00  -1.25812915
3486.00  -1.65079986
3487.00  -1.35254071
3488.00  -1.27945652
3489.00  -1.89583056
3490.00  -1.92166460
3491.00  -1.53924031
3492.00  -1.19324244
3493.00  -1.92735399
3494.00  -1.70962464
3495.00  -1.75108957
3496.00  -1.21065253
3497.00  -1.82991976
3498.00  -1.23997859
3499.00  -1.59057441
3500.00  -1.70976757
3501.00  -1.06623915
3502.00  -1.71205787
3503.00  -1.32947625
3504.00  -1.59091029
3505.00  -1.25324494
3506.00  -1.61276495
3507.00  -1.32341428
3508.00  -1.28851399
3509.00  -1.88466501
3510.00  -1.94246402
3511.00  -1.57457180
3512.00  -1.16254461
3513.00  -1.93684960
3514.00  -1.70774079
3515.00  -1.72262739
3516.00  -1.20152429
3517.00  -1.82990454
3518.00  -1.23882250
3519.00  -1.61759944
3520.00  -1.69615646
3521.00  -1.05691395
3522.00  -1.70846861
3523.00  -1.32916293
3524.00  -1.61165132
3525.00  -1.19540796
3526.00  -1.62342213
3527.00  -1.36676004
3528.00  -1.22861896
3529.00  -1.90716813
3530.00  -1.94235296
3531.00  -1.48407206
3532.00  -1.21044860
3533.00  -1.92914871
3534.00  -1.73054727
3535.00  -1.54688154
3536.00  -1.20081132
3537.00  -1.82917071
3538.00  -1.18420870
3539.00  -1.61639637
3540.00  -1.69304296
3541.00  -1.03038220
3542.00  -1.68705968
3543.00  -1.32256927
3544.00  -1.60532169
3545.00  -1.24831417
3546.00  -1.62648661
3547.00  -1.21866937
3548.00  -1.22652576
3549.00  -1.87180890
3550.00  -1.94243957
3551.00  -1.57305020
3552.00  -1.20686410
3553.00  -1.91304737
3554.00  -1.69934724
3555.00  -1.73200875
3556.00  -1.21110358
3557.00  -1.81451742
3558.00  -1.23907209
3559.00  -1.58385322
3560.00  -1.67408055
3561.00  -1.06494295
3562.00  -1.71217089
3563.00  -1.32926871
3564.00  -1.56469477
3565.00  -1.23422198
3566.00  -1.64492082
3567.00  -1.32412216
3568.00  -1.29477319
3569.00  -1.88832341
3570.00  -1.89592564
3571.00  -1.61233123
3572.00  -1.21227591
3573.00  -1.93845871
3574.00  -1.74367280
3575.00  -1.60770217
3576.00  -1.15728041
3577.00  -1.82289628
3578.00  -1.23805005
3579.00  -1.58774066
3580.00  -1.71073515
3581.00  -1.02865688
3582.00  -1.68162236
3583.00  -1.31468370
3584.00  -1.61388491
3585.00  -1.25069524
3586.00  -1.65011399
3587.00  -1.36629526
3588.00  -1.26833937
3589.00  -1.91172002
3590.00  -1.93953521
3591.00  -1.59467979
3592.00  -1.21410273
3593.00  -1.93914486
3594.00  -1.72931324
3595.00  -1.74060618
3596.00  -1.20544629
3597.00  -1.82959189
3598.00  -1.23991608
3599.00  -1.62255652
3600.00  -1.71047650
3601.00  -1.06071589
3602.00  -1.71033065
3603.00  -1.30018087
3604.00  -1.61153758
3605.00  -1.23961206
3606.00  -1.63634818
3607.00  -1.33261196
3608.00  -1.26057638
3609.00  -1.90594954
3610.00  -1.88380759
3611.00  -1.59091465
3612.00  -1.17421328
3613.00  -1.88410303
3614.00  -1.74110359
3615.00  -1.75049254
3616.00  -1.21138003
3617.00  -1.82713742
3618.00  -1.23307448
3619.00  -1.62053329
3620.00  -1.71062245
3621.00  -1.06505430
3622.00  -1.71324832
3623.00  -1.32481815
3624.00  -1.62325732
3625.00  -1.20407119
3626.00  -1.62478533
3627.00  -1.36244178
3628.00  -1.29433379
3629.00  -1.89230778
3630.00  -1.93789025
3631.00  -1.59183997
3632.00  -1.20583871
3633.00  -1.93010921
3634.00  -1.74808011
3635.00  -1.73448893
3636.00  -1.17770728
3637.00  -1.83010407
3638.00  -1.23024360
3639.00  -1.63017519
3640.00  -1.70172648
3641.00  -1.05689279
3642.00  -1.70398889
3643.00  -1.33007378
3644.00  -1.62468163
3645.00  -1.25194418
3646.00  -1.64908197
3647.00  -1.36632578
3648.00  -1.29465062
3649.00  -1.90821603
3650.00  -1.94218070
3651.00  -1.60385380
3652.00  -1.16717791
3653.00  -1.93517275
3654.00  -1.74896938
3655.00  -1.75081517
3656.00  -1.21156119
3657.00  -1.81831766
3658.00  -1.23890339
3659.00  -1.59241177
3660.00  -1.70983645
3661.00  -1.06517751
3662.00  -1.65123512
3663.00  -1.27302015
3664.00  -1.60841326
3665.00  -1.24390578
3666.00  -1.64658018
3667.00  -1.35434025
3668.00  -1.28293180
3669.00  -1.89765139
3670.00  -1.93984517
3671.00  -1.58815045
3672.00  -1.20986700
3673.00  -1.93932588
3674.00  -1.75044935
3675.00  -1.73697139
3676.00  -1.13847010
3677.00  -1.82886155
3678.00  -1.04112412
3679.00  -1.61779966
3680.00  -1.70509855
3681.00  -1.06578714
3682.00  -1.71390622
3683.00  -1.30894176
3684.00  -1.62509425
3685.00  -1.24697277
3686.00  -1.64544597
3687.00  -1.34518522
3688.00  -1.25253917
3689.00  -1.90401893
3690.00  -1.94096283
3691.00  -1.61217295
3692.00  -1.19251880
3693.00  -1.89664105
3694.00  -1.72254150
3695.00  -1.75079970
3696.00  -1.20461184
3697.00  -1.82779062
3698.00  -1.23991965
3699.00  -1.59800326
3700.00  -1.70944001
3701.00  -1.06653038
3702.00  -1.70366298
3703.00  -1.32311730
3704.00  -1.62058876
3705.00  -1.20096119
3706.00  -1.60323817
3707.00  -1.35881832
3708.00  -1.25733461
3709.00  -1.91158832
3710.00  -1.93262544
3711.00  -1.46851759
3712.00  -1.16367649
3713.00  -1.93855352
3714.00  -1.75016021
3715.00  -1.74318305
3716.00  -1.20684411
3717.00  -1.82857963
3718.00  -1.23428773
3719.00  -1.62775708
3720.00  -1.66327080
3721.00  -1.06236263
3722.00  -1.70847821
3723.00  -1.22579075
3724.00  -1.62254679
3725.00  -1.25364703
3726.00  -1.57548961
3727.00  -1.34043799
3728.00  -1.29466484
3729.00  -1.91157454
3730.00  -1.93838840
3731.00  -1.57929043
3732.00  -1.19651492
3733.00  -1.93771144
3734.00  -1.73744400
3735.00  -1.75100538
3736.00  -1.21013501
3737.00  -1.80139964
3738.00  -1.23931220
3739.00  -1.62793728
3740.00  -1.64301782
3741.00  -1.06008155
3742.00  -1.70988176
3743.00  -1.29894391
3744.00  -1.62538093
3745.00  -1.25028209
3746.00  -1.64646665
3747.00  -1.30193871
3748.00  -1.29263718
3749.00  -1.90978634
3750.00  -1.91665308
3751.00  -1.60920318
3752.00  -1.19956362
3753.00  -1.92503396
3754.00  -1.73499275
3755.00  -1.74507300
3756.00  -1.19774659
3757.00  -1.82772588
3758.00  -1.23789425
3759.00  -1.59108531
3760.00  -1.70575319
3761.00  -0.94314111
3762.00  -1.71308771
3763.00  -1.32798569
3764.00  -1.62432154
3765.00  -1.25206088
3766.00  -1.64376606
3767.00  -1.36263904
3768.00  -1.28618294
3769.00  -1.89502683
3770.00  -1.89224374
3771.00  -1.61127747
3772.00  -1.19708946
3773.00  -1.93831842
3774.00  -1.74041495
3775.00  -1.73520336
3776.00  -1.20499659
3777.00  -1.81008629
3778.00  -1.19787378
3779.00  -1.63078845
3780.00  -1.70575159
3781.00  -1.04940890
3782.00  -1.69519547
3783.00  -1.31600035
3784.00  -1.50796840
3785.00  -1.25312250
3786.00  -1.63377083
3787.00  -1.37099470
3788.00  -1.28511236
3789.00  -1.80958397
3790.00  -1.91796037
3791.00  -1.60643258
3792.00  -1.20405749
3793.00  -1.93007335
3794.00  -1.74791084
3795.00  -1.73156459
3796.00  -1.20614622
3797.00  -1.82274399
3798.00  -1.19189273
3799.00  -1.63134820
3800.00  -1.70985619
3801.00  -1.04447928
3802.00  -1.69502115
3803.00  -1.29121498
3804.00  -1.62422974
3805.00  -1.23119596
3806.00  -1.63810846
3807.00  -1.35668937
3808.00  -1.28794083
3809.00  -1.88723129
3810.00  -1.94236972
3811.00  -1.60408503
3812.00  -1.16730529
3813.00  -1.93220689
3814.00  -1.60709916
3815.00  -1.73642160
3816.00  -1.16211178
3817.00  -1.81585106
3818.00  -1.23989584
3819.00  -1.62845275
3820.00  -1.70256532
3821.00  -1.06336565
3822.00  -1.71124102
3823.00  -1.32495906
3824.00  -1.62318716
3825.00  -1.25511675
3826.00  -1.64236168
3827.00  -1.32502146
3828.00  -1.25101569
3829.00  -1.91113417
3830.00  -1.94209068
3831.00  -1.60751897
3832.00  -1.21299459
3833.00  -1.92518901
3834.00  -1.72067745
3835.00  -1.75093675
3836.00  -1.19653543
3837.00  -1.82999675
3838.00  -1.21913092
3839.00  -1.63088430
3840.00  -1.66673606
3841.00  -1.03238124
3842.00  -1.69481280
3843.00  -1.31947356
3844.00  -1.62090357
3845.00  -1.24497127
3846.00  -1.64934198
3847.00  -1.37107637
3848.00  -1.25528241
3849.00  -1.91164843
3850.00  -1.94182701
3851.00  -1.61354776
3852.00  -1.20161360
3853.00  -1.91500164
3854.00  -1.74165345
3855.00  -1.74830003
3856.00  -1.19622564
3857.00  -1.82626018
3858.00  -1.23971096
3859.00  -1.62935364
3860.00  -1.70924237
3861.00  -1.05912668
3862.00  -1.69235391
3863.00  -1.30820353
3864.00  -1.60445399
3865.00  -1.25798878
3866.00  -1.64711127
3867.00  -1.37053207
3868.00  -1.14376492
3869.00  -1.88787207
3870.00  -1.93242157
3871.00  -1.59416863
3872.00  -1.18331547
3873.00  -1.87440540
3874.00  -1.74373940
3875.00  -1.75104948
3876.00  -1.13414547
3877.00  -1.82820043
3878.00  -1.23780239
3879.00  -1.63137816
3880.00  -1.70995484
3881.00  -1.01594064
3882.00  -1.71263114
3883.00  -1.31638753
3884.00  -1.60757845
3885.00  -1.25301349
3886.00  -1.64068869
3887.00  -1.36471270
3888.00  -1.27504081
3889.00  -1.85630556
3890.00  -1.94052964
3891.00  -1.59240319
3892.00  -1.08612075
3893.00  -1.93019891
3894.00  -1.74322993
3895.00  -1.72625160
3896.00  -1.19709479
3897.00  -1.82443915
3898.00  -1.21898701
3899.00  -1.58554023
3900.00  -1.70909863
3901.00  -0.99446868
3902.00  -1.68925825
3903.00  -1.25679870
3904.00  -1.57244339
3905.00  -1.24630746
3906.00  -1.64249075
3907.00  -1.34846322
3908.00  -1.29244215
3909.00  -1.91175999
3910.00  -1.94249670
3911.00  -1.61272061
3912.00  -1.15462928
3913.00  -1.91552976
3914.00  -1.65118324
3915.00  -1.75004792
3916.00  -1.20025989
3917.00  -1.82131502
3918.00  -1.21346786
3919.00  -1.62499434
3920.00  -1.71027272
3921.00  -1.03419533
3922.00  -1.69904887
3923.00  -1.31800556
3924.00  -1.59561740
3925.00  -1.20543113
3926.00  -1.65078600
3927.00  -1.36961075
3928.00  -1.22464623
3929.00  -1.91073110
3930.00  -1.94164175
3931.00  -1.61132646
3932.00  -1.16430611
3933.00  -1.93934781
3934.00  -1.75043947
3935.00  -1.74324223
3936.00  -1.15989722
3937.00  -1.81062159
3938.00  -1.23920346
3939.00  -1.60482972
3940.00  -1.70945597
3941.00  -1.06419040
3942.00  -1.71024981
3943.00  -1.32872238
3944.00  -1.56306594
3945.00  -1.25812000
3946.00  -1.65036838
3947.00  -1.24948097
3948.00  -1.23785762
3949.00  -1.89163174
3950.00  -1.89942395
3951.00  -1.52600760
3952.00  -1.18532936
3953.00  -1.88164678
3954.00  -1.66197422
3955.00  -1.75025039
3956.00  -1.20797509
3957.00  -1.82699074
3958.00  -1.23968157
3959.00  -1.62092726
3960.00  -1.69751929
3961.00  -1.05940419
3962.00  -1.50485434
3963.00  -1.33010824
3964.00  -1.60513402
3965.00  -1.25791193
3966.00  -1.62363286
3967.00  -1.33899522
3968.00  -1.29253100
3969.00  -1.86775340
3970.00  -1.93992490
3971.00  -1.61153863
3972.00  -1.19861203
3973.00  -1.91550070
3974.00  -1.74511968
3975.00  -1.73573947
3976.00  -1.16976918
3977.00  -1.82475066
3978.00  -1.23984759
3979.00  -1.61028640
3980.00  -1.69718135
3981.00  -1.05185306
3982.00  -1.70213111
3983.00  -1.31974457
3984.00  -1.61415552
3985.00  -1.21283047
3986.00  -1.64942238
3987.00  -1.36686627
3988.00  -1.27281877
3989.00  -1.90756371
3990.00  -1.90010569
3991.00  -1.61352867
3992.00  -1.21270297
3993.00  -1.92056095
3994.00  -1.61316756
3995.00  -1.74094450
3996.00  -1.17970001
3997.00  -1.76442676
3998.00  -1.21884733
3999.00  -1.59831184
4000.00  -1.71036045
