-0.06490138,0.1181166,-0.07584533,-0.1109613,-0.08455512,-0.05726649,-0.05586808,0.01783802,-0.01968614,0.05864426,-0.0851887,0.08003207,-0.15094047,0.08758741,-0.02427895,0.01668134,-0.19654187,-0.12700714,0.11751713,0.20291602
0.06033466,-0.0535248,-0.01550804,0.06121224,-0.10443435,-0.03456319,-0.11714048,-0.06855868,0.09262164,-0.14816752,-0.05580578,-0.00284531,-0.14762924,0.02589,-0.2018691,0.01997403,0.04258643,-0.12700435,-0.04852188,0.05943076
-0.06236774,-0.05952364,0.16113237,-0.0348998,0.01641675,-0.16365771,0.05813656,-0.0128906,0.04328586,-0.0245109,-0.10854304,0.16808015,0.01764119,-0.20714396,0.02110893,-0.05828478,0.00181688,0.1494778,-0.04247967,0.16862432
0.03146714,0.0789805,-0.08012239,-0.03256543,0.02846763,0.13096182,0.01603733,-0.21181883,0.07070806,-0.10434136,0.10682066,-0.03172336,0.14796767,0.0699088,0.01590993,-0.09454805,-0.07930065,-0.2049239,-0.23588351,-0.16592693
-0.04722461,-0.00600882,0.04388786,0.02012222,-0.05832984,0.07647967,0.01407698,-0.03729369,0.01054669,0.12706243,0.04991299,-0.0397025,-0.17899682,-0.02668943,0.01784311,-0.04341922,0.04645132,-0.11214453,-0.03590751,0.05322667
0.00967238,0.0144143,0.18562089,0.11003349,-0.03641072,0.04719935,-0.08391068,-0.05236333,-0.13887663,0.0004248,-0.14047825,0.26290179,0.08195291,-0.14434107,-0.04997292,-0.0517959,-0.18027467,0.09884351,-0.03607528,0.11326595
-0.03643572,-0.00933122,0.04898065,0.14014313,-0.02742232,0.06758165,0.01905808,0.06703632,0.0208357,0.03278747,-0.08231973,0.03319056,0.03439139,0.0379748,0.10889393,0.09948592,0.02086095,-0.03991878,0.0506011,-0.01277635
0.01033994,0.02645414,0.00547991,0.02212521,0.00910058,-0.01501155,-0.05612966,-0.1799185,-0.04707274,-0.09025883,0.05478412,-0.07352078,0.14758632,0.05058231,0.06926638,0.01348813,-0.10687799,-0.01675921,-0.0462884,-0.12635642
0.00793041,0.04795934,-0.23603916,0.04440081,-0.03249895,0.00972059,0.11148055,-0.11570626,-0.04757126,0.0522585,0.08871437,0.00165481,0.09025417,0.11547838,0.08725338,-0.04691627,0.0596529,0.08360917,0.03044929,0.11553238
-0.15131383,-0.11369584,0.12721923,-0.11440585,-0.05261642,0.15781784,0.05786357,0.0578573,-0.14228058,-0.0190392,0.01860234,0.14839945,-0.06794692,-0.05300614,-0.08594944,0.13063556,-0.00863296,-0.2150373,0.00252318,-0.11356194
0.01518047,0.08165077,0.05777978,0.10638512,-0.08032387,0.07986274,-0.03150923,0.1186064,0.0084939,-0.1424976,-0.14541111,-0.18093165,-0.14629472,-0.01380675,-0.10055919,-0.27333043,0.1692405,-0.02833855,0.11221423,-0.03069485
0.13299239,0.2304717,0.08514289,0.05218386,0.32012933,-0.03304533,-0.08963556,-0.09939499,-0.18716688,0.14978693,-0.16324467,-0.08518169,0.10774003,-0.04400986,0.33279841,0.01037955,-0.07730788,0.06773744,-0.06968173,-0.00753512
-0.14099955,-0.01627033,0.21098362,0.14625858,0.09141055,0.15121447,-0.04541645,-0.11394032,-0.0705497,-0.03310983,-0.15207923,0.01652794,-0.04878699,0.05869653,-0.09033693,0.0371008,-0.1260143,0.02228894,-0.04130638,-0.10166679
0.04671887,0.02081815,-0.00575994,-0.30651857,-0.06124942,-0.00161619,0.07768998,-0.00900061,-0.01487887,-0.08877732,-0.07760915,0.06292275,-0.13158398,0.08987353,-0.0825132,-0.05755006,0.00253256,0.05625667,-0.01720964,-0.06481532
-0.06359785,0.02636349,0.05579915,-0.03235057,0.02389299,-0.06685429,0.054218,-0.07349379,0.06163882,-0.02287983,0.08209998,-0.01552266,-0.13083079,0.07775745,-0.11801151,0.02877764,0.04492919,-0.05360685,-0.09209658,-0.0686498
-0.09395634,-0.16094779,-0.02197881,-0.02774101,-0.08801452,0.05839309,-0.03639297,0.041669,0.12868263,-0.14039146,0.04442483,0.14408577,0.03328768,0.05159952,-0.02320614,0.06023451,0.06125377,-0.03920111,0.07108255,-0.18948225
0.02731616,-0.23767362,0.03794659,-0.09913203,0.00942174,0.06438017,-0.07829613,0.0148621,-0.0920779,0.11911216,0.09809363,-0.07234286,0.23343767,-0.25512265,0.09025091,0.02271345,-0.03512522,0.05274643,0.08748459,0.30680977
0.00852097,-0.04279659,-0.05963619,-0.07456018,0.06428882,-0.01931492,-0.01257605,-0.00738574,0.11221505,-0.02529441,-0.03950105,0.03939032,-0.06785362,-0.01657411,-0.05091512,0.04891583,0.12261352,-0.01521813,0.08389694,-0.00664152
0.0650313,-0.17261472,0.16036713,-0.05461804,-0.05103152,0.20986716,0.10218398,-0.02040255,-0.11489586,0.10573237,-0.00707032,-0.16616451,0.17254583,0.09811327,-0.00184084,0.13001624,-0.02820119,0.02424755,-0.02735525,0.00184179
0.07119369,-0.03171803,0.13455805,0.04315729,-0.02902247,0.08047837,0.0349499,-0.06749408,0.11598016,-0.00383826,-0.04977273,-0.0165461,0.02552752,-0.05140308,0.10497772,-0.02970139,0.02075441,-0.00162939,0.08853972,0.17002803
-0.02512516,0.05802742,-0.08596883,-0.02416931,-0.02353811,-0.05184726,-0.0949763,0.02395937,0.05587331,0.03503366,0.02751826,-0.10816744,-0.15346538,0.00242163,0.15714278,-0.20382317,-0.02051982,-0.01790218,-0.00103165,-0.12443884
-0.02611813,0.01283947,0.08428443,0.07643135,0.0220261,0.10405802,-0.132476,0.06355034,-0.16773685,-0.03144097,-0.05969581,0.04175715,-0.23045342,-0.07750472,-0.16207034,0.04276331,0.02360616,-0.01790662,-0.02064521,0.12188659
0.00606342,-0.20634031,0.003064,0.03262947,0.07314593,0.13548788,-0.02153222,0.05364943,0.05743828,-0.00154175,0.00599543,-0.0917658,-0.05242916,-0.1050423,0.03060796,-0.00575898,-0.01778152,0.14818905,0.01315108,-0.00520318
-0.06566547,0.03815221,-0.14487882,-0.09781131,-0.12243763,-0.10770526,0.06235831,-0.04578958,-0.05617591,0.01362076,0.10215031,0.19360889,0.15613559,0.1359023,-0.1864756,-0.17170614,-0.00618715,-0.0705292,0.11074356,-0.00447681
0.08000177,-0.0658022,0.01078524,-0.05173067,0.01198424,0.19309021,-0.05326779,0.0922536,-0.10367493,0.02796503,-0.05231148,0.05462743,0.07053327,0.04684595,-0.01000237,-0.10678909,-0.25887193,-0.04488193,-0.14402591,0.09347779
-0.12944503,-0.08279298,-0.05647678,-0.02289592,0.08557171,-0.13017636,-0.00739068,-0.21975878,0.08640113,0.06453279,-0.11939553,-0.00348961,-0.07127882,0.26190278,0.27946497,0.06291308,0.18257791,-0.01512428,0.10988917,-0.03506383
-0.13671577,0.05563046,-0.07060281,0.11492581,0.13796996,-0.00178732,0.02680109,0.00336424,0.03883775,0.06890986,-0.08786027,0.10702252,0.01649098,-0.13850806,-0.09908237,0.0378418,-0.12994249,-0.09834554,-0.10064159,0.15848433
-0.09126908,-0.05378266,0.02730427,-0.01888733,-0.20400277,0.05439428,-0.09890547,-0.13856913,0.10553495,-0.17632575,-0.09141705,-0.25659175,0.14272976,0.00986172,-0.06713703,0.08606928,0.00330955,-0.01778324,0.04710817,-0.07146855
0.04555025,0.11031009,0.14604077,-0.11478924,-0.11293919,-0.04293501,-0.05755511,0.11401176,0.02797257,0.07773187,-0.00670739,-0.11277977,-0.22282706,-0.0578479,-0.16412911,0.07769466,0.03726532,0.06540815,-0.00179809,-0.07641112
0.17752903,-0.1285679,0.17497485,-0.1258336,0.09894692,0.02789398,-0.0465374,-0.04885357,0.06658108,0.0418114,0.14625537,0.03352514,0.240299,0.0393666,-0.14665209,-0.01260535,-0.07633744,0.21210876,-0.04165744,0.22641806
-0.0856303,0.11065922,-0.02905243,0.14690397,-0.08656538,-0.14042953,0.08479186,0.00975215,-0.03331592,-0.09936462,-0.11435665,0.06693452,0.15695887,0.04479662,-0.004865,0.20595758,-0.00128158,-0.02868364,-0.05213839,0.27392172
-0.11718952,0.05534111,-0.01428735,-0.01870754,-0.11310942,-0.08416847,0.04129232,0.02705141,0.1111905,-0.24179769,0.09849776,0.00039243,-0.0924147,-0.04385645,-0.0810727,0.13512157,0.06638195,0.11759675,-0.04072484,0.0781496
-0.0936197,0.13305935,0.04406252,0.02769149,0.07607549,0.01369602,0.05458307,0.16675852,0.17374729,-0.12546367,-0.12945331,-0.09649871,0.04693577,-0.17018263,-0.17836907,0.00071147,-0.20141213,-0.03768151,0.01156196,-0.01407022
-0.1433486,0.02073673,0.08434438,0.06232826,0.0665856,-0.1747095,-0.06914201,0.10213627,0.13616152,0.02808246,0.13743377,0.14011483,0.18977272,0.22168642,-0.26484897,-0.12123309,-0.07802232,0.09840698,-0.08388653,0.09164154
0.00522183,-0.0318805,0.07042433,-0.00945637,0.04223752,0.15866179,0.10896969,-0.05715679,-0.30037267,-0.06571888,0.01124223,-0.04164019,0.06223898,0.14814564,-0.08377857,0.18648405,0.2002386,0.24865939,-0.14253502,-0.10468186
-0.06265642,0.1411051,0.12581342,0.16079103,-0.14259686,0.10029457,0.03414938,-0.09523976,-0.09751159,-0.10121568,-0.00950744,-0.24795386,-0.06551425,-0.10311354,0.07959726,0.02068096,0.17560875,-0.07806882,0.03909758,-0.09341699
-0.05008674,-0.06740906,0.08770076,0.11254892,0.20604575,-0.14218517,0.11206491,0.13498982,-0.05949685,-0.10476388,0.03063885,-0.12519862,-0.02022464,-0.08565335,0.10201646,-0.00203247,0.18208708,0.09125206,-0.00594294,0.11329017
-0.06499746,0.15908739,0.09524755,-0.03441231,-0.01468266,0.04129274,-0.15626583,-0.07269114,-0.09413477,-0.09565053,0.04773062,0.01041001,-0.04369851,0.03703281,-0.09116057,-0.15197987,-0.0118869,-0.11673521,-0.10379964,0.09218234
0.00244212,0.10764599,0.00107232,0.06027494,-0.0579144,-0.17753155,0.12915273,0.06779604,-0.10796763,0.01117421,0.11091275,-0.04271475,-0.1256312,0.03258692,-0.10349019,0.05012288,0.0202837,0.08173823,-0.17169145,-0.15481446
0.02913759,0.13782647,-0.08693015,0.14105038,-0.06458435,0.12636804,-0.20363349,-0.12284012,0.26871573,0.04149156,-0.03262021,-0.09225022,0.02959021,-0.17095416,-0.05657474,-0.08511898,0.04882394,0.05092797,0.04668275,0.1551865
-0.10798826,0.17666436,0.04901588,0.05824467,-0.0550393,0.01272445,0.05389189,0.0162896,-0.06616703,-0.03093535,-0.19701502,0.25258598,0.2609092,-0.24193334,0.06194884,-0.04601304,0.03800812,-0.02984182,0.03219327,-0.05989873
-0.07461002,-0.12400739,-0.1707062,0.05163653,-0.16225946,-0.14768069,0.06761446,0.17482864,0.0272745,0.22268865,-0.09306893,0.19739405,-0.09937588,0.07815921,0.09707504,0.04084819,-0.00310969,0.21326801,-0.06913744,0.24250062
0.1311316,0.20515787,-0.02565565,-0.11462755,0.08712472,-0.10063722,0.17326157,-0.04897489,-0.0583404,0.10985426,0.23646116,0.01790326,0.12514037,-0.0419145,0.17689475,-0.05694885,-0.09632402,0.19307076,-0.01200766,0.08125051
0.04631364,0.0043234,-0.02722971,-0.06660995,-0.08353307,-0.13638218,0.0399226,0.01032999,-0.01408747,0.08048875,-0.0702804,0.16408737,0.05441158,0.08171365,-0.04931776,-0.04432448,-0.0112355,0.15730934,0.09009091,-0.00439385
0.0834728,0.10968437,0.18092462,-0.12636024,-0.03191938,-0.1358907,-0.04857258,0.10313274,0.09163044,-0.01351485,-0.03111032,0.04083861,0.00733906,0.01546286,0.01904245,-0.02042696,0.07103422,-0.07980328,0.04156003,0.09458233
0.08740387,0.01476629,-0.01609345,-0.03398593,0.0602541,0.01881722,-0.1001894,0.01745016,0.09498613,-0.09461029,0.09358314,0.1018231,-0.00010455,-0.0833251,-0.06287533,0.11048866,-0.12529759,-0.02023111,0.0290009,-0.07425165
0.11609925,-0.02902548,0.06983707,0.16539837,-0.15655747,0.08242432,0.09268593,-0.06677281,-0.11645353,-0.12647025,0.15930971,-0.15070236,0.14299617,0.14274778,-0.09520605,-0.04624691,0.18660758,0.02964289,-0.01472138,0.0028662
0.23265272,-0.10292772,0.1001018,0.06732504,0.09461836,-0.08422163,-0.13908346,-0.02952679,0.09180667,-0.0127028,0.12317698,-0.01203283,0.02490149,0.14956797,0.06094355,-0.08821401,-0.01179042,-0.0712492,0.00797393,-0.04105331
0.02742023,0.03724741,-0.08078524,0.09036953,-0.16191733,-0.19973393,-0.16442712,0.0279665,-0.05151621,-0.05051467,-0.18987619,-0.11094755,0.08531498,0.00417634,-0.12344512,0.01069578,0.20617048,0.21461138,-0.01944919,-0.02527093
0.22574603,-0.1484112,0.0044252,-0.02843019,0.17394992,0.11576554,-0.02482929,-0.05693063,-0.23660166,-0.11828014,-0.04639685,0.01588386,0.09652317,-0.0847756,0.23360492,0.056246,0.14652569,0.31141707,-0.0205564,0.00321787
-0.13248565,-0.00160742,0.13783196,0.08524837,0.01435641,-0.12610257,-0.15983992,0.08288162,-0.12436277,0.01445596,0.12098449,-0.05875876,-0.17292339,-0.1534365,-0.05739741,0.12380745,-0.10013452,-0.13592288,-0.24606094,0.09369063
0.22248803,0.0025571,0.00022974,-0.08714263,-0.03561118,-0.00997004,0.17562255,-0.08156368,-0.07892684,0.07778108,0.09098796,-0.05077001,-0.09310416,-0.02702936,0.03928848,0.17155617,0.21636949,0.02537958,-0.05997676,0.03477193
0.08428519,0.04603452,0.0491942,0.06862531,0.08690565,0.01290335,0.1127986,-0.11339084,-0.0202754,-0.06087018,-0.01213695,-0.00074953,0.06482901,-0.00062067,0.02317963,0.04771818,-0.01695755,-0.12941195,-0.05098859,-0.06360846
0.03442192,-0.02241879,0.07861197,-0.08108504,0.00930718,-0.20217907,-0.09261195,-0.00514497,-0.12340878,0.0395061,0.0065906,0.05819475,-0.02652235,0.29157674,0.00858984,-0.00185303,0.09451667,0.02433522,-0.03595511,-0.00346471
0.09342022,-0.01375324,0.07224388,0.25431026,-0.01816835,0.01127811,-0.0521716,-0.01733145,-0.01426906,0.16868327,-0.11225294,0.13207844,0.02437722,0.03042286,-0.07044384,-0.17744193,-0.0523259,-0.10093349,0.04002508,0.13848187
-0.01579981,-0.03007314,-0.03342812,-0.12963941,-0.02176167,-0.10594523,0.08086809,0.00118543,0.10600028,0.10888926,-0.01842122,0.0856081,0.05139463,-0.09718471,0.00984246,0.06722236,-0.06110781,-0.19048363,-0.0658664,0.09436387
0.14075379,-0.28181055,0.07320368,0.01051747,0.11086934,-0.06193261,-0.0590034,0.00264904,0.07616077,0.01351549,0.05233112,-0.01937621,0.15739515,0.07846362,-0.05357167,0.04096509,0.02683035,0.08419331,-0.09847696,-0.09765293
0.07268976,0.15443707,-0.14226653,0.05172332,-0.02686331,0.16383673,0.11292946,0.06107575,0.09570392,-0.130393,0.03460001,0.07836524,0.05221363,0.01089535,0.06424754,0.06838587,-0.1652455,0.02125647,-0.09918999,0.10419095
0.04953683,-0.09234582,-0.06878618,-0.01474929,-0.16240441,-0.11789201,-0.20546483,0.09332899,0.02165526,-0.04303677,-0.03552186,-0.0166422,0.12192747,-0.04261864,0.04112959,0.03884719,-0.1477219,0.00199619,0.08449959,-0.13448686
-0.02831937,0.14143115,-0.10272958,-0.11935096,0.00815745,-0.1877997,-0.05897106,-0.0492843,-0.0545668,0.04808239,-0.18376628,-0.04157455,0.0671111,-0.13294653,0.04413758,0.02622999,-0.13552723,-0.09731042,0.04723703,-0.01553084
0.227848,-0.04897382,-0.00658121,0.03830783,0.01033675,-0.04445037,-0.08678117,0.06004241,-0.12092174,0.1672828,0.18530212,0.07469379,-0.00234528,0.06470752,-0.04505231,0.04524756,0.03249907,-0.06391395,-0.05768267,-0.04580587
-0.05658718,-0.04833003,0.22581042,0.02038981,0.06425322,-0.00274351,0.03754235,0.02520036,-0.1143047,-0.06547176,-0.01209586,-0.02499085,-0.04662755,-0.12025691,0.14143942,-0.03103161,-0.07031343,-0.02831921,0.05948192,-0.1504505
-0.16001443,-0.1278786,0.01220491,0.06229221,0.01087213,0.09153609,-0.04943422,0.09295637,-0.15588646,-0.14905993,-0.03351529,0.0150727,0.32474404,-0.05160821,-0.03818274,-0.02651607,-0.06429806,-0.11911917,0.0050178,-0.05123592
-0.05491242,-0.05933097,-0.01205707,0.1294898,0.0544637,-0.03738557,-0.00565011,0.10832162,0.0736792,-0.06735378,-0.06946852,0.1252349,-0.05789624,-0.00775145,-0.06565577,0.19834995,0.00049812,0.00373598,-0.0909174,0.00360352
0.11359715,0.1326063,0.01016165,0.13808159,-0.0102764,0.04059098,0.12200856,0.05197349,-0.07763697,0.03748436,-0.06136888,-0.06972083,0.03784796,-0.18756571,-0.00192404,0.09769254,-0.02795732,-0.17175137,-0.01093114,0.11658295
0.05418989,0.1487844,-0.11147591,0.15018017,-0.01544001,0.21944846,0.03052793,0.11807377,0.00417985,0.00507227,-0.07433523,-0.05377519,-0.06920969,-0.12742338,-0.28808444,-0.09205094,-0.10069768,0.14045381,-0.19135821,-0.09706571
-0.01605479,0.10804215,0.06769223,0.10052815,0.17481098,-0.10078205,-0.09544453,0.04604609,0.08424109,0.02627334,0.06297551,-0.05938131,-0.06503053,-0.00086071,-0.03195575,0.01138395,0.03748764,-0.1205676,-0.00393197,0.20444235
0.10716138,0.10899955,0.09944072,0.09588857,0.08003663,-0.10489111,-0.05193672,0.04895334,0.15903037,0.06177355,-0.0885481,0.08754588,0.14702948,-0.05099532,-0.09975169,-0.05601234,0.08187831,0.12714143,0.03906068,-0.14979174
0.16925579,0.04083861,-0.09863285,-0.17224683,-0.05408398,0.05730247,-0.14053633,0.09782766,-0.10980832,-0.21963524,0.11902198,0.14241165,-0.16886447,-0.05777192,0.14820035,-0.08856923,-0.10749518,0.04982061,0.13527825,-0.11545056
-0.12329901,0.15859764,0.16526104,0.02272334,-0.08446365,-0.13602823,0.01299776,-0.05140901,-0.05920485,-0.10013849,-0.1312212,-0.01064139,0.0018663,0.00349319,0.08867515,0.07007008,0.05846682,0.02769895,-0.00765493,0.10761388
0.25611091,0.04800851,0.03771049,0.0401408,-0.0651507,-0.08803229,0.05788609,-0.04291745,-0.03238545,0.05930623,0.0801297,-0.08682947,0.07387283,-0.04744199,0.0255702,0.14703514,0.01551187,-0.00807521,0.04527603,0.00038227
0.07359232,0.0688985,-0.04339775,-0.09924411,-0.03819575,-0.03008866,0.22875045,-0.03754092,-0.10260808,0.00997322,0.12995371,0.09875175,0.03492119,-0.00793827,0.05718976,-0.12833593,-0.03381782,0.05392205,0.28552785,-0.10465436
0.02799345,0.0315534,0.06604394,0.01733481,-0.05921294,-0.16645734,-0.08410762,-0.04492539,0.06969788,0.07870224,-0.0799478,-0.17220244,-0.0883802,0.01191895,0.0387339,0.00575617,-0.04826562,0.03042564,-0.04194632,0.01732571
0.13953257,0.10689636,-0.01615347,0.13353098,-0.09684377,0.02096525,-0.01787672,0.20684742,0.16210541,-0.10974227,-0.02213219,-0.08532068,0.0069644,0.05496553,-0.21702255,-0.12922061,0.06440874,0.13900426,0.02885293,0.0573404
-0.07245328,0.12464876,0.11664227,-0.07218631,0.28351931,0.17314778,-0.01595642,-0.07307919,-0.12593046,0.16513009,-0.10177365,0.24038571,-0.01472255,0.10486535,0.14465199,-0.13450637,0.00868546,0.04931457,-0.04484499,-0.2225454
0.09000111,-0.04285753,0.08994499,-0.22578651,-0.05948002,0.01744471,0.06260946,-0.0021875,0.19117729,0.2174536,-0.0066904,0.08448229,-0.00196378,0.08694486,-0.13720942,-0.10732477,0.11266172,0.10323044,-0.0537683,0.03509605
0.03399963,-0.0107211,0.08232959,0.00712796,-0.02629732,-0.17783656,0.03559887,-0.03309494,0.02030543,0.28867418,-0.10222057,0.11908798,0.06424656,-0.11299947,0.10769179,0.14242129,0.02520314,0.05892559,-0.13589205,0.12185687
0.00452435,-0.02991702,-0.14549512,0.00645816,-0.13139349,0.11776649,0.05393457,-0.1845695,0.12988691,0.1067325,-0.14212445,-0.10004081,-0.00520879,-0.04682731,0.01938041,0.04043836,0.06647601,-0.14282128,0.15661371,-0.06852657
-0.08814801,-0.18483864,-0.03544194,-0.23669216,0.17998974,0.07444694,-0.17629432,0.03144106,-0.03703982,0.16746104,-0.00235116,0.11749054,-0.01599545,-0.05212683,-0.07012677,-0.18307169,-0.03877842,0.01072412,-0.00941987,0.14183814
0.03439072,-0.1842421,-0.02375175,-0.11096017,-0.0321359,-0.01037412,0.01859304,-0.02423415,0.00984396,-0.01835264,0.00145274,-0.08885535,-0.19614166,0.07815416,-0.0229366,0.03117841,0.01921748,0.17140544,0.08845145,-0.0156369
-0.03519166,0.01144483,0.0285827,-0.19097635,0.0895839,-0.16046198,-0.13591667,-0.01182209,0.04490887,-0.16240251,-0.1863655,0.16985501,0.07187789,0.15631948,-0.00983846,-0.02688612,-0.0391801,0.01510945,0.02003578,0.10230461
0.07832276,-0.00436718,-0.00969448,-0.05096844,-0.05736827,-0.13469183,0.06386491,0.04271537,0.05274762,-0.14520846,-0.01504304,-0.07512373,0.00898461,0.26778309,-8.692e-05,-0.00940429,0.12541877,0.10945425,-0.05737178,0.15822119
0.27895139,0.01188485,0.03292535,0.20855182,0.02679249,-0.22957717,0.03380239,0.01380316,-0.04179268,-0.22082774,0.08115965,0.13848713,0.10020604,-0.14594219,-0.07728115,0.10797314,-0.02782947,-0.04273806,-0.21580271,-0.12837452
0.17371372,0.18393657,0.07948805,-0.09690741,0.0233535,0.07312073,0.07465235,-0.04726322,0.08932905,-0.05952804,0.01995464,0.08783619,0.12588354,-0.06700511,0.0163314,-0.02252404,-0.02248839,0.15360672,0.06577277,0.22777464
-0.14717651,-0.03370291,0.08754274,0.08296212,-0.14766716,-0.09712857,-0.05821589,0.01789969,-0.08434902,0.00702172,-0.09945019,0.10820566,-0.02754924,0.07205399,-0.16938197,-0.08366925,-0.05925733,0.0488172,0.0487486,0.18341562
-0.00693501,0.01392314,-0.0904369,0.10859608,-0.18195145,0.01395327,-0.0031315,0.12134611,-0.00397891,0.09172389,-0.02660344,-0.08542205,0.10604758,-0.03318642,-0.0004613,0.02322094,0.04041037,0.01746028,-0.03377518,-0.07690486
0.0957097,0.12861352,0.07998009,0.13913948,-0.10968772,-0.09448361,-0.08969633,-0.01935017,-0.07801145,0.05615703,0.21553491,0.04163278,-0.03903286,-0.1778068,-0.07813843,0.2751157,-0.05495179,0.04057532,0.13112316,0.03728061
0.04371033,-0.01742346,-0.00157895,-0.08555359,0.08696702,-0.14545916,-0.07020544,0.03604095,0.09066994,0.01035141,0.06581964,-0.11002517,-0.14841032,-0.12094556,1.86e-06,0.10201944,-0.06002031,-0.02732439,-0.09101017,-0.1125004
-0.15418291,-0.08339793,0.00024436,-0.04308984,-0.08321564,-0.08818225,0.10623567,-0.05503292,-0.00128675,0.06636402,0.0707387,-0.07148201,-0.13930713,-0.01042768,-0.00953658,0.13484637,-0.05902906,-0.03793908,-0.06412169,-0.08938309
0.09889321,-0.06676187,0.10815729,0.02340066,-0.19269868,0.09155126,0.07679771,0.06193373,-0.15193413,-0.10659434,0.11136713,0.06703391,-0.03769214,-0.03017358,0.01238121,0.0318248,-0.03958112,-0.15846599,-0.04830495,0.17264247
-0.16068918,-0.01956803,0.04085897,-0.0462907,-0.11759161,0.09068247,0.18936259,0.09876934,-0.05346519,0.09780746,-0.12639645,-0.02995839,0.13934787,-0.07827722,-0.03255547,0.05001431,0.09523141,-0.04023291,-0.10839267,-0.03365081
-0.08672893,-0.01481184,0.05664202,-0.04444915,0.02936355,0.125567,-0.181829,-0.02103339,-0.05729779,0.23322545,0.02183014,-0.06475136,0.04157007,0.04117208,0.06253473,0.18635187,0.11350787,0.14297958,-0.08516055,-0.1291587
-0.04526996,0.04331359,-0.01968266,-0.0299354,0.26849599,-0.12623476,-0.05874334,-0.03375154,0.13058801,0.03480153,0.10031554,-0.02643046,0.12205786,0.03730081,0.11329573,0.07481373,0.02566001,-0.01669857,-0.13775545,0.02106786
-0.05254184,-0.04359715,-0.18723203,-0.05532999,-0.04019692,0.03199349,0.12253681,0.05254143,-0.04374684,0.02804867,0.02373517,-0.0988788,0.1265276,-0.10880322,0.08801103,-0.14396184,-0.1299598,0.06557276,0.01056536,-0.01911113
-0.02475654,0.03397072,0.21370067,0.02820607,0.04143952,0.02378694,-0.03923171,-0.06850481,-0.02168216,-0.15697025,0.08309661,0.05587176,-0.03201143,-0.04767883,0.12688814,0.04345901,0.1028008,-0.07559602,-0.08354019,0.0355094
0.12566672,0.06706216,0.10826678,0.0791916,0.09933072,-0.02668624,0.05187595,0.05708807,0.11809812,0.14773596,0.07737139,0.02991888,-0.01238173,0.03418489,-0.0825938,0.06452981,-0.10399187,0.03612488,0.02879184,-0.01472932
0.08123439,-0.05959386,0.04449357,-0.05263821,0.04030746,-0.15354903,0.07392504,-0.2068293,-0.00892622,0.12580856,-0.12915151,-0.15780262,0.1144484,0.02388687,-0.17974057,0.14627064,0.02195204,0.01594864,0.12562786,0.15663427
-0.11064253,-0.06299437,-0.01959364,-0.06116009,0.0736015,-0.0715436,0.10528914,0.18194279,0.00681007,-0.01346066,-0.08892054,-0.11818166,0.0782028,-0.09753488,0.02227214,-0.00037457,-0.10494286,0.2085431,-0.07866467,0.05998381
0.01292683,0.06959388,0.01355405,0.04315859,0.09131697,-0.12955301,-0.06764654,0.06843669,-0.14351772,-0.11996008,0.10627619,-0.02400496,-0.04694148,0.06208095,0.12357836,-0.19175782,0.03936293,0.03593329,0.14978713,-0.03650243
-0.2555617,-0.03977994,-0.06343042,-0.00673778,0.04315955,-0.00625068,-0.02917733,0.08120113,-0.08408189,0.09715356,0.19667366,0.01471233,0.10222881,-0.06535556,0.04457944,-0.03553284,-0.00152733,-0.04357414,0.0881177,-0.0293662
0.16393606,0.13250045,-0.01061481,0.10218303,-0.02886999,-0.10542871,-0.23333664,-0.07373793,0.0168501,-0.09292928,0.11418659,-0.13157774,0.15164839,0.1142615,-0.07597294,0.07266402,0.07566413,-0.0735093,-0.0187392,0.09496905
0.04316233,-0.1051829,-0.06039081,-0.05105767,-0.10589635,-0.01123385,-0.12036304,0.13763197,0.07683014,0.00971033,0.0237754,0.14433672,0.05594467,0.03423949,-0.09771989,-0.02189615,0.01464878,0.01674937,0.12045921,-0.05861468
0.01120334,0.012968,-0.0507887,0.15722043,0.07818237,0.02924756,-0.01765898,0.02598732,-0.02084334,-0.02074542,0.00440027,-0.07657199,-0.15958391,0.00451643,-0.28960836,-0.01832811,0.17130824,0.11035046,-0.22128934,0.02892422
0.14927882,-0.11913966,0.09704409,0.03240932,0.10196805,-0.08914666,-0.10533321,0.04696236,0.01146284,0.0083437,-0.19199853,0.02664194,0.15142328,0.09291743,-0.06757746,-0.02540915,-0.06999539,-0.06974545,-0.03436699,0.0579229
-0.09343393,-0.07129643,0.04114084,-0.05421148,0.20160227,-0.03012142,0.07502367,0.05617819,0.039623,0.0238442,-0.01313844,0.02275812,0.05753307,-0.07155339,0.03282734,0.10697686,0.08237465,0.10044072,0.07474921,-0.10511215
-0.15795724,0.15528164,-0.00380573,-0.08166016,0.06537576,-0.04796135,-0.00852255,0.03373276,-0.15755417,-0.01006475,0.07190558,0.06453348,0.05418157,0.06553681,0.10421492,-0.0928844,0.10455321,-0.13385722,-0.03532725,-0.06173971
-0.08853829,-0.10860538,-0.08546048,-0.00864873,0.20508185,-0.00792629,0.07462272,0.01712799,0.15741529,-0.07973269,0.02534082,-0.04391995,0.15283907,-0.04519688,0.2809851,0.16655563,0.02817162,-0.12735617,-0.05551128,-0.07036997
-0.00261801,-0.20377256,0.11879573,0.06651226,-0.04561717,0.01755235,0.15379717,-0.06775601,0.0863257,-0.18510942,0.06854907,0.0952669,-0.08620246,-0.10907318,0.03023327,-0.00783093,0.02575699,-0.05675193,-0.06734779,-0.25254784
-0.12806654,0.03539698,0.14053649,-0.03269098,-0.22004038,-0.05272342,0.03919309,-0.05022316,0.03117534,0.17849134,-0.05172533,-0.04044177,-0.19586119,0.01985294,-0.12335858,-0.13301831,-0.14142224,-0.0763385,-0.06503311,-0.06139169
-0.11798274,-0.06131787,-0.02144639,-0.11212711,0.03202432,-0.01454626,0.25589625,0.08477928,-0.13687319,0.04549949,-0.03945535,0.00046186,0.06586483,-0.07391832,-0.02136406,-0.00965003,0.0454577,-0.04668984,0.00138317,-0.06205558
-0.03203082,0.25363603,0.09440859,-0.05367006,0.15096138,-0.00902425,-0.10275421,-0.10217644,-0.0623802,-0.13346635,-0.02351201,0.22841758,0.00634659,0.01426779,-0.14635631,-0.25047238,-0.24132203,-0.1123139,0.17670747,0.15394449
0.00432837,0.25601154,-0.085231,0.03095391,0.16128138,0.03961479,-0.13694524,-0.12309767,0.00839118,-0.03019562,0.05370873,0.01245176,-0.04284916,0.01817755,-0.02536812,0.04826862,-0.11608181,-0.11596225,0.00388848,0.08723247
0.12263128,-0.02822884,0.06001682,0.16401915,0.06335185,0.21684749,0.06166503,-0.08721824,-0.01191271,-0.17157941,0.10773881,-0.08030839,0.06430175,-0.04436549,-0.03136754,0.04480028,0.09700172,0.08736888,-0.03760961,-0.09376368
-0.00484628,0.11946072,-0.07072481,-0.06274874,-0.07609004,0.05981591,-0.01492918,0.12830408,0.08622468,-0.03672275,-0.07771651,-0.00120963,0.23854393,0.10345928,-0.06575634,0.12812359,0.16873828,-0.10833191,-0.08356111,0.07533115
-0.00192942,0.01353249,0.13752011,-0.28435978,-0.00633058,-0.01251538,-0.01732311,0.01158908,0.17496248,-0.10682588,0.28954629,-0.07358631,0.02224427,0.05578848,0.08568711,0.0464528,0.28204991,0.00597982,0.20219285,0.08634237
0.20058406,-0.21335269,-0.06124265,-0.02212762,-0.11173366,0.05446495,0.12604958,-0.00228037,0.07682374,-0.1193662,0.02649151,0.03153309,0.15944321,0.01204062,0.24283298,-0.01763681,0.10202354,0.2202752,-0.02245363,-0.02820777
-0.04067542,-0.01335687,0.00243488,-0.09047778,0.00964614,0.13906633,0.05806861,-0.11366977,0.09752691,0.06819144,0.05601551,-0.05255981,0.03422539,0.05185955,-0.18196867,0.09115661,-0.0212019,0.08756911,0.06317025,0.04970372
0.08094191,-0.0267297,0.14147442,-0.03385465,0.01194968,-0.07223076,-0.07693215,-0.135497,0.16050908,-0.10975927,0.08463558,-0.08367867,0.00494338,-0.05080759,-0.05813044,-0.0282738,0.06374503,0.12206989,-0.03794387,0.09458443
-0.0318487,0.08051857,0.14363533,-0.23340899,0.00210357,-0.0982014,0.05892635,-0.11615845,0.05787213,-0.10998308,0.12497305,-0.00981687,0.02722027,-0.0642943,-0.05813665,0.13154893,0.17266302,-0.0459518,0.15095846,0.01917378
0.01577537,-0.08938113,0.01826696,-0.11851616,-0.05542691,0.08603469,-0.13645644,-0.03714484,0.06944629,-0.16029985,-0.04615848,-0.1354208,0.24283678,-0.11224576,-0.12611112,-0.01010056,0.03622764,-0.04663697,-0.08219713,-0.04185063
0.11381934,-0.140972,-0.08210524,-0.01192749,-0.08331406,0.04470289,0.05238261,-0.03712587,0.09034709,-0.05130763,0.07603402,-0.04938635,-0.06530979,0.12106535,0.10412715,0.07843491,0.05398184,-0.02191082,0.19617294,-0.0913357
0.09073644,0.02985239,0.08915038,0.08516418,0.15387712,0.12499094,0.05325685,-0.07765143,-0.07578831,-0.12314273,0.06518933,0.10849929,0.13549156,-0.03971148,0.11905623,-0.16449407,0.20482522,0.00322391,-0.00382107,-0.00517964
-0.03188308,0.10180682,-0.05836997,0.04889494,0.11061505,-0.09900858,0.15670155,-0.14832558,0.04708479,-0.10862586,0.00667062,-0.10905024,0.05266487,0.02997611,0.0210736,-0.11759253,-0.12588322,-0.09495018,0.09547221,-0.1251157
-0.01481356,0.05240567,-0.1553551,-0.13275021,0.12032295,-0.06526132,-0.07937725,0.10872725,-0.08832272,-0.01806622,0.02045748,0.03810477,0.09137886,-0.21769776,-0.07577908,-0.07736053,0.10446253,0.09782468,-0.09006681,-0.09204877
-0.03446061,0.1459948,0.10666757,-0.10022833,0.03376041,-0.2268802,0.01107902,-0.19333352,0.17612559,0.04339382,0.01196826,-0.05149401,0.1291888,0.0070494,-0.20820965,-0.05259453,-0.02565478,-0.08291188,-0.04031067,-0.07127853
0.00710352,-0.05179719,0.09342092,0.07197851,0.04675663,0.1443465,0.07028129,0.12104425,0.05466849,0.02354152,0.06621221,-0.01906969,-0.19274391,0.12487807,0.0863497,-0.06306582,-0.10934264,0.03828107,0.00668235,-0.04081049
-0.12084892,0.01260141,-0.14382445,0.0842257,0.11820392,0.00029576,0.01849035,0.09260419,-0.03381521,-0.04281153,-0.05838862,0.00453709,0.21118635,-0.02579906,-0.14094916,0.03662261,-0.00152593,-0.02902603,-0.04165449,0.10206683
0.06082934,-0.00059586,-0.01436684,0.04436576,-0.03157668,-0.23690718,-0.05840681,-0.08033337,0.10283268,0.07281026,-0.02332764,0.0592827,-0.06059843,0.01507245,-0.02562604,-0.08297368,-0.01313148,-0.13106735,0.17146273,0.1295395
0.13431111,-0.0572324,-0.12019173,0.01348205,0.0023488,0.1753634,0.08170973,-0.00716172,-0.11318314,0.02494934,-0.02417886,0.05512307,0.00457666,0.06427278,-0.07023465,-0.06441886,0.03047965,0.03659472,-0.03446046,0.12300924
-0.04353363,-0.03324896,0.03224073,-0.0442798,0.11891914,-0.03327908,0.14151068,0.03264964,-0.14214997,-0.12484894,-0.0357969,0.05246728,0.12734193,0.09382736,0.01001489,0.07485982,0.01525347,-0.04662863,0.04744993,-0.02957925
0.02007135,0.07266943,-0.01894068,0.06601852,0.03844848,0.2026093,-0.04571812,0.11933665,0.08579988,0.06171388,-0.00512591,0.01008932,0.15907085,0.16416469,0.11951373,-0.01285671,0.01219176,0.11641298,-0.05023203,-0.05153203
0.02926815,0.14334641,-0.16526905,0.00764695,-0.04672706,-0.04244773,-0.15779747,0.00530279,-0.08216456,0.21764668,-0.02559248,-0.00215314,0.0227696,-0.28485687,-0.01343188,0.0352039,0.1221888,-0.01421989,0.0784471,0.06280391
-0.02685649,0.04633901,-0.09784768,0.04439386,-0.11789583,-0.12770998,0.07936176,-0.17104645,0.07843047,0.08941235,-0.10741684,0.02322384,0.05048439,0.06496182,-0.1141094,0.10672687,0.10002667,-0.02144913,-0.00191844,0.00473006
0.02481641,-0.11103064,-0.07198144,0.03178628,-0.05848933,-0.07232343,-0.02236803,0.10572347,0.0960215,0.00338028,-0.08700105,0.09222431,-0.05568165,0.07168207,0.11420392,0.20891443,-0.13836651,0.00831764,0.15674511,0.01330565
-0.0512829,0.01064559,-0.13506149,-0.0185997,-0.00540012,0.03363831,0.07986288,0.0135054,0.11607113,0.02115003,-0.0176258,-0.00079132,-0.03288577,-0.06653158,-0.08575113,-0.02206905,-0.00819823,0.09714351,-0.01088621,0.06655809
-0.01175467,6.894e-05,0.12180487,0.0750705,0.07214873,0.00539971,0.03842974,0.034321,-0.12133436,0.06113565,-0.0944396,-0.1736996,-0.12106805,-0.05420928,0.07059364,-0.00847402,-0.01412517,0.1067615,-0.12770462,0.11828813
-0.14043068,-0.2434324,0.01490235,-0.11826835,-0.10658797,-0.05317655,0.13376437,0.16649555,-0.19042823,0.21198734,0.03620392,0.02993501,-0.11785314,0.17424668,0.13671018,0.10173766,0.01106839,0.03333177,-0.02049154,-0.03007636
-0.0987965,-0.12723803,0.00448311,0.01909364,-0.19604981,-0.03307466,0.00981632,0.02021147,0.16641144,-0.15263724,-0.04946064,0.00943131,-0.06786557,-0.03220999,0.08859152,-0.11100239,0.1982341,0.03581123,-0.00025057,-0.00696873
0.07157381,-0.05850739,0.0687474,0.00216676,-0.0567884,0.08241083,0.00460412,-0.03527494,-0.02527184,0.04627489,0.24122475,0.01670584,0.0984011,-0.03533612,0.00295962,0.08848888,0.15683473,-0.05965698,0.08945592,0.21381069
0.21189673,0.0490601,0.01986356,-0.02933502,0.053177,0.01894834,0.0584641,0.02097067,0.05680232,-0.08693711,-0.15249464,-0.09775041,-0.07812326,-0.06624183,-0.0585629,0.13709246,0.08124394,-0.08266524,0.09727883,0.01636013
0.09229542,-0.19698732,-0.00771322,0.1165621,0.07996546,-0.01715829,-0.10925266,0.01651131,0.10697533,0.07561181,-0.10780992,0.05938808,0.14700067,-0.11418863,0.12239215,-0.05263709,0.0403765,-0.08540998,0.00719122,-0.05385451
0.04036292,0.02270191,0.03168433,0.18634967,0.096307,0.04348544,-0.11728775,-0.16659489,-0.02274514,-0.22779946,0.00628743,-0.15109863,-0.01408281,-0.01297128,0.20130664,-0.14932921,-0.10592986,0.1002055,0.10054398,0.10435532
0.07886513,-0.09976879,-0.03363981,0.21741598,0.01923173,0.01152362,-0.05084563,0.05792199,-5.352e-05,-0.0134947,0.00800277,-0.1349575,0.02284623,-0.08209094,-0.0103459,-0.19768907,0.17296684,-0.05979535,-0.02063442,0.10939408
-0.01553116,0.04304827,0.0478648,-0.04949559,-0.00455837,0.26911847,0.07062877,0.01276788,0.1533452,-0.05969385,0.12035173,-0.0812981,0.08183362,0.06433542,0.13383718,0.0439801,-0.06063755,-0.00580572,0.16748172,0.01704482
-0.00316755,0.07103937,-0.14863219,0.06031916,0.06397387,-0.14484949,-0.00395593,-0.26874676,0.07484125,-0.14173991,-0.00391384,-0.04905156,0.15214233,0.06692689,0.04837033,0.02650498,-0.05047433,0.02927304,0.16147673,-0.01155234
-0.09611954,-0.07594526,-0.05830911,0.14150833,0.08936745,-0.04819735,-0.10384516,0.0894739,0.09716739,-0.0871045,-0.07243505,0.08738298,-0.19108788,0.08001883,-0.09388636,0.05574669,-0.16008213,-0.02607821,-0.11965497,-0.0233843
-0.20535477,-0.03640485,-0.05683635,0.07666959,-0.10080633,-0.03474914,0.1147582,0.03309667,0.12964315,-0.00793674,0.02441039,0.14179838,-0.04423909,0.10973679,0.05086994,0.12031377,0.02017511,0.0419328,0.15190337,-0.01322071
0.00972346,0.22668232,-0.06710087,0.12884304,0.00550139,-0.09091564,-0.10973078,-0.07118646,-0.15301782,0.02463166,0.04509434,0.0596309,-0.05569083,-0.1682895,0.07723672,-0.08904369,0.06831951,0.21623283,-0.16420658,-0.06034389
0.01898499,0.07945458,0.11781715,0.0319088,0.10864445,-0.05278276,-0.00856965,-0.1619636,0.1929111,0.01556316,0.00836509,-0.04026118,0.09800343,-0.15124424,-0.06129398,-0.24043536,-0.07467656,-0.00037879,-0.011449,-0.07108135
0.00770729,-0.11096808,0.20288084,0.10167518,0.10317877,0.07147608,-0.02501286,0.1830734,0.124874,0.10375423,0.01713528,-0.16878325,-0.18371689,-0.14996862,-0.16146124,0.13395918,0.08106442,0.0111781,0.04726851,-0.00950356
-0.04309421,-0.00758764,-0.15432891,-0.1133928,0.10335346,-0.06595165,-0.12380548,0.07749066,-0.25713359,0.03687341,0.04230943,0.06523889,-0.04978967,0.00752526,-0.10725755,-0.08309108,-0.06150914,0.00208554,0.05974192,0.04962122
0.06991761,0.14311684,0.03901671,-0.07913418,-0.08429124,-0.09278926,0.07559363,-0.01054949,0.07178438,-0.09350424,0.09281839,-0.00707577,0.17435011,-0.15621631,-0.10603919,0.02373267,0.02538799,-0.07561586,0.01041826,0.08500675
-0.02221178,0.1095128,0.03482619,0.13130967,-0.01256718,0.01677244,-0.1057439,-0.05909922,-0.12872464,0.11219483,-0.1295606,0.17232181,0.06953185,0.0423561,-0.20221698,-0.10766013,-0.12491249,0.0355847,-0.08137599,0.1207815
0.00514059,0.07147735,0.05228568,-0.00363522,0.1507682,-0.15876314,0.05677095,-0.04537868,0.04099157,-0.10854462,-0.0771914,-0.04128493,0.00400258,0.01677667,-0.07060258,-0.04638966,0.10150724,-0.04045695,-0.07780554,-0.14496278
-0.07713645,-0.0176734,-0.17327821,-0.13373153,-0.18110761,-0.0083111,0.11185201,-0.16437402,-0.20811765,-0.0987856,0.1258673,0.05306422,-0.05382752,-0.07169027,-0.06107467,0.15985756,0.01399436,-0.00712869,-0.02021066,0.11430273
-0.05301581,-0.07272363,0.06735522,0.03023327,0.04527558,-0.08060137,-0.04998445,0.07003269,0.05375854,-0.01113302,-0.13403908,-0.09989636,-0.15324272,0.12726275,-0.08298234,0.0468896,0.01454751,0.04690711,0.02368922,-0.08682936
0.26495135,-0.03359673,0.01212403,-0.05298968,0.0178002,-0.01041426,-0.12591886,0.0262463,0.04212179,0.16086214,0.11451112,0.09795789,-0.02096842,-0.20778549,-0.02862974,0.09661442,-0.03819072,-0.15657788,0.04104828,0.11867652
-0.23045193,0.08541033,-0.04962942,-0.03387623,0.10864317,-0.05023613,-0.16543648,0.1198089,-0.14095587,-0.10912684,-0.06932495,-0.16581305,-0.08270702,0.08252309,-0.13435801,0.0303167,-0.08590043,0.21371036,0.17818292,-0.00338795
-0.00538012,-0.02700708,-0.07141558,-0.01614822,-0.12529304,0.00746443,-0.03975205,0.03956359,-0.0827269,-0.16497188,-0.07377131,0.16890096,-0.10107459,-0.04460847,-0.05797497,-0.21834617,-0.04582429,-0.07030876,0.09255932,-0.19224023
0.05477945,0.0872,0.20768191,0.01338979,0.05469719,-0.02283119,0.17350354,0.05233847,-0.18550682,-0.17041883,-0.08282549,-0.18792031,-0.10978157,-0.02168019,0.05477292,-0.07731854,0.00655744,0.11654762,0.11034045,0.05123223
-0.05358176,-0.2119901,0.02533591,-0.01836857,-0.02503795,0.09056413,0.03416705,0.12639179,-0.0891608,-0.04399962,0.02601806,-0.07156413,-0.01241108,-0.00641682,-0.23422478,-0.15183049,0.11897824,-0.17428623,0.06229152,-0.01415755
-0.15654502,-0.04390367,-0.07079938,0.13730744,-0.00453591,-0.1487802,-0.16105375,-0.00819993,-0.03387396,-0.09928452,-0.16212608,0.1531013,-0.12364184,-0.13593722,-0.05259935,-0.0166222,0.00137912,0.04239504,0.13894137,-0.01449052
-0.00572736,-0.09560171,-0.04380856,0.12384743,-0.14329511,-0.19518788,0.11958133,-0.09128712,0.04533352,-0.05779544,-0.15644807,-0.06577427,0.05216033,0.18562236,-0.06292194,-0.06053558,-0.02964173,0.14798187,0.08051021,-0.05923553
-0.11854403,0.03372864,0.07818727,-0.00472341,-0.10583064,-0.079667,-0.19449817,-0.00167487,0.07525344,-0.15427323,-0.22301433,0.05520759,-0.00785653,0.04392137,0.04206671,-0.10630476,-0.13693125,0.23546397,-0.03882448,0.04703744
0.09462745,-0.16763172,-0.00390513,0.08046247,-0.07190693,0.0700063,-0.02453065,-0.07979554,-0.09419075,-0.05139588,0.04766732,0.16174658,0.07520486,-0.12933213,0.04306927,-0.19563554,-0.02265848,-0.05047745,0.07714748,0.07718895
0.01447624,-0.01862084,-0.0483412,0.03526461,-0.06105985,-0.01221447,0.02273095,-0.08513794,0.10515442,0.18386358,-0.16176855,-0.1741118,0.00170658,0.10211819,0.05792927,-0.19021775,-0.05692034,0.05041272,0.06185549,-0.01041764
-0.12452842,0.0800004,-0.0158227,0.05504589,0.02379273,-0.08450738,0.08143719,0.19564823,0.09430273,-0.03360857,0.19464168,-0.07649378,0.14226401,-0.12653257,-0.01535577,0.04892733,0.08210833,0.13161083,-0.09697598,-0.03580213
0.0309472,-0.04841932,-0.00017638,0.1394211,-0.18492252,-0.11784251,-0.13549878,0.00958208,-0.14307556,-0.112366,0.00591357,0.08378032,0.06834572,-0.12857992,-0.12438216,0.01336008,-0.06526126,0.05048681,-0.08419307,-0.01194977
0.24089559,-0.0624451,0.15053195,0.00658223,0.15590737,-0.27252756,-0.02296998,0.00048107,-0.08571783,-0.01907209,-0.24775904,0.05622643,0.26023257,-0.17426707,0.05970087,0.09992639,-0.07855147,0.00598853,-0.06645225,0.05996744
0.01854539,0.18647023,0.0518908,0.14758746,-0.0043109,0.01541029,0.06145079,-0.08539601,-0.06937888,-0.11772943,0.02948982,0.08000086,-0.04275874,0.00220402,0.0894905,0.09490026,-0.01221885,0.03715506,0.01268223,-0.10153275
0.0769399,-0.06387897,-0.07408265,-0.06053599,0.01502062,-0.0076592,0.02563645,-0.05287469,-0.05069482,0.06451787,0.07131745,-0.05305416,0.17577124,-0.01371837,0.23721916,-0.084052,-0.04708341,0.03089095,0.01590915,-0.0340916
0.08185637,-0.01237522,-0.01272749,-0.07093961,-0.03400301,-0.08938844,-0.15584562,-0.04782208,-0.21480565,-0.04661404,0.08104966,0.09302659,-0.0539094,-0.02481018,0.03507932,0.10904895,-0.17478651,-0.02240277,-0.23106344,-0.00869812
0.05066415,-0.02212566,0.08124856,0.0323818,-0.24776496,-0.09542007,0.06952066,-0.01434186,0.0362905,0.02329896,0.14648789,0.02293379,0.16541861,-0.08184166,0.06488382,-0.19327516,-0.19651222,-0.02917009,-0.10520175,0.08695131
-0.00845414,0.03293529,-0.05740785,-0.03845459,-0.14307008,0.08148355,0.09025219,0.08420295,-0.01710751,-0.12962023,-0.22441511,0.12003654,0.05032579,0.04858128,0.112252,-0.01444325,0.05023964,0.03782124,-0.04445014,-0.12507229
3.545e-05,0.09509555,-0.03515824,0.02405429,-0.03070321,0.00798951,-0.0407965,-0.0481818,-0.12343373,0.1112933,-0.05835769,-0.01216113,0.04379391,-0.11619106,0.08229516,-0.17314099,-0.05610703,-0.05216539,-0.01404075,0.04131589
-0.09263563,-0.00257871,-0.07036248,-0.04403163,-0.10812552,-0.13443374,-0.14523319,0.03633138,-0.0865124,0.0268977,-0.08897191,-0.08640303,0.03518379,0.00068112,-0.06876564,-0.15023809,0.10241023,-0.01733136,0.14343433,0.24702375
0.02025525,-0.0682962,-0.0232249,-0.02341326,0.14936283,-0.02720223,-0.00865581,0.22309701,0.07629885,0.05932145,-0.0752821,-0.10914847,-0.03565,-0.16731465,0.26308534,-0.10140794,-0.09653036,0.05244925,-0.01112633,0.04277474
0.01963866,-0.00790263,-0.06635333,-0.01565569,-0.12684989,0.00756921,0.1406255,0.16263868,-0.13952782,-0.10951298,-0.23334165,-0.07725884,0.13211372,-0.01862581,-0.01690343,-0.04103189,0.05549058,0.01704112,-0.0834462,-0.01346427
-0.00728496,-0.07793982,0.07982201,-0.00820045,0.03244716,0.06587313,0.00799125,-0.0526293,0.08065621,0.12479721,-0.06432978,0.1156402,-0.02734765,-0.01864144,0.10225485,0.01483587,-0.1033978,0.03930918,0.08065947,0.03077531
0.02904185,-0.08420004,-0.12543106,0.07626419,0.08360614,-0.03802321,-0.13742532,0.00418809,-0.02326849,-0.01052674,0.13657359,-0.12111961,0.02442414,0.0623626,0.12964188,-0.00540149,0.01116926,0.04023652,-0.12000703,0.21926163
0.13839487,-0.20701506,-0.04956582,0.04661124,-0.12862994,0.05021428,0.16554523,-0.09536225,-0.04552585,-0.20733755,-0.12552159,-0.04096229,0.13790265,0.00274114,-0.03112753,-0.06816976,0.10506107,0.06571695,-0.05351139,0.1426006
0.01704449,-0.02587687,0.06477335,-0.0051844,0.28676421,0.1523687,-6.591e-05,-0.00165784,-0.09050537,-0.09208145,-0.03822477,-0.13346717,-0.08444477,-0.15738769,-0.03617918,-0.13715169,-0.01377099,0.04115616,-0.06835066,0.18691764
0.18928133,-0.00752546,-0.09473142,0.1348631,-0.08518074,0.04383901,-0.1138944,-0.08588088,-0.02571341,-0.06329129,0.03300283,-0.1690412,-0.00801471,-0.0246109,-0.03403898,0.06485414,-0.06806384,-0.04637832,-0.06467449,0.09717626
-0.04158277,0.06014553,0.11495035,0.13703846,-0.04005659,-0.10909903,0.05030933,0.02531742,-0.04530714,-0.03640178,0.03463889,-0.05028903,-0.01301901,-0.04213796,0.03470026,-0.11433583,-0.01768949,0.14360347,-0.10190711,0.20457116
0.05304154,-0.06507814,0.12972476,0.14000418,-0.1408154,0.00678504,0.15231637,-0.23718664,-0.05266036,-0.01890224,0.05472766,-0.01672292,-0.12344554,0.04998387,-0.05362608,-0.09528538,-0.08656508,0.09493957,-0.22448806,0.00505905
0.01213827,-0.00982456,-0.02486338,-0.16077777,-0.06480684,0.0409079,0.19295671,0.05162117,0.0160795,-0.06695767,-0.12572287,0.00113141,0.0528592,0.09305037,0.09386506,-0.08840605,-0.03959617,0.0847937,0.09484836,-0.10818029
-0.14685033,0.02119547,-0.05379862,0.00492158,-0.00918148,-0.29853355,0.01784619,-0.16031558,-0.07385828,0.00732221,0.08101775,-0.04950514,0.10476622,-0.03094216,0.06883873,0.07672875,-0.02625107,-0.08937988,-0.00475735,-0.15220325
0.05907037,-0.08520315,-0.13831714,0.0427825,-0.01033846,0.10198262,-0.22021871,0.03193776,-0.10873308,0.072063,-0.0144083,0.1631861,-0.12990531,-0.02722616,-0.06471863,-0.10853382,0.06186973,0.02719567,0.15318585,-0.11744499
-0.15808787,-0.02100557,-0.06660634,0.14720585,0.05486103,0.0729628,0.06171521,0.04481324,0.10857465,-0.00382108,-0.07186832,0.02305281,0.11673537,-0.06181312,0.07458664,0.02655758,0.00617346,-0.03297054,0.05447973,-0.01516635
-0.21468079,-0.08163105,-0.07906978,-0.1797304,-0.13733335,-0.04613411,-0.03186332,0.06170503,0.23250091,0.03240378,0.18725167,0.19679186,-0.05203641,-0.01841988,0.09076394,0.03455119,-0.11254901,-0.12670029,0.01118422,-0.21711234
0.04986182,0.06820687,-0.07074239,0.07509369,-0.13911951,0.05207853,-0.06665144,0.02566515,-0.07104174,-0.05706886,0.02682958,-0.05489395,-0.00259984,0.05256957,0.15217001,-0.08221674,0.00819759,0.0325962,0.0194633,0.07878993
-0.00094576,-0.05793488,-0.01815238,-0.04426658,0.02649455,0.16111603,-0.13691387,-0.02764197,0.02353333,-0.04430157,0.20049338,-0.01272415,-0.11270004,0.02429399,-0.07261624,0.12579428,0.08786826,0.08378092,-0.06319509,-0.14406612
0.07759889,0.04996243,-0.09485099,0.0996218,-0.15828708,0.06730871,-0.04724871,-0.11319446,-0.02508963,0.02756029,0.10981535,-0.13184801,-0.00218258,0.10591161,0.11453267,0.07464402,-0.04277571,0.04037676,-0.00863328,-0.13918336
-0.15815598,-0.07613243,0.06375237,0.04319304,0.05803011,-0.05580364,-0.01037254,-0.09422696,0.11619736,0.06093294,-0.10696993,-0.18578808,-0.00214183,-0.10203393,-0.04375773,0.15120038,-0.07474592,0.05866566,-0.0135987,0.0399037
0.20011898,-0.04354076,-0.12808773,0.05376738,0.13315873,0.05163057,0.06455442,0.0395498,0.16677174,0.0637331,0.01337699,-0.15325129,0.05049379,-0.11964593,-0.12106077,0.24280967,-0.01505413,0.02475372,-0.24167776,-0.06039041
0.17622009,0.06986881,-0.17231865,0.25390597,-0.16026648,-0.02922664,0.16169239,0.03605459,0.07109151,0.00962096,-0.06171244,0.07278888,0.08596122,0.14488115,-0.04309137,-0.18376247,0.05344586,0.07879365,0.01614938,0.00588785
-0.05513715,-0.05707034,-0.0271855,-0.0115499,-0.05712882,-0.05320494,0.03120044,-0.15935227,0.04161484,0.0077864,-0.00485524,0.12307376,0.03252223,-0.12252997,0.09097436,-0.17927161,-0.11191533,0.00393399,0.05320119,0.00163673
0.04316176,0.21525981,-0.0221665,0.08543215,0.13635202,0.08088394,0.10498509,0.129972,0.01253623,-0.01923166,-0.06146077,0.1308086,-0.02836591,-0.12958916,-0.02416724,-0.03693699,-0.0648349,0.09876435,-0.06222521,0.15482071
0.01595012,-0.12530954,-0.12656407,-0.08099345,-0.1144722,-0.02896504,-0.11243083,0.02113188,0.1327576,0.10232456,0.04429333,0.01153053,-0.01902293,0.1295542,-0.07528632,-0.04452635,0.03386409,0.00217339,0.06994724,0.11963204
-0.06173149,-0.04968729,0.03160836,-0.00123829,-0.02231171,0.00794655,0.0290617,0.14160253,-0.07836835,-0.07463206,-0.07745612,-0.0654073,-0.05027901,-0.13175434,-0.04643452,0.08346984,0.07648707,0.02733935,-0.07705093,0.05425912
