1.94426312090832
0.0714788995465141
0.28947001378422
0.322323434101503
0.171919130401031
1.51470068500381
-0.153046732607785
-1.48481677173848
0.209543208333818
0.883023421416061
0.0622519035664794
-0.284078119571676
-1.32446955627001
-1.03101515047367
0.073182462993814
-2.66358294526073
0.833555238787862
0.491919156436963
-0.960725301655413
2.06163462303728
-0.0803731103991497
-0.646820360603025
0.260269544340248
-0.577872806899677
1.2246280797848
-1.05529313480178
0.0235338734696526
-1.85877234310119
0.115946492727679
-0.342658019338435
1.82169282208004
0.811222656675188
1.15500928082664
-1.05400220595899
1.24906427922233
0.837622155548686
1.29870922997478
-1.09468197197329
0.884184410888819
1.17179145997684
2.11971437473706
-1.56700594944885
1.71893201757678
2.50309932954407
1.15341832768474
-0.595998442112823
0.488603961714787
0.126046047865516
0.136030733390732
-0.628952580838813
