0.091951428408616,0.011277139488547,0.015732379711124,-0.003213576953613,0.09057572714574,-0.138100935413248,-0.018596544501579,-0.173806808124059,-0.030127426348789,0.084124870492619,-0.110809233391235,0.056583680854956,-0.100359580306452,-0.031790649646462,0.075338032815166,0.011005049400522,0.025364832259999,0.060243370384873,-0.124159667496471,-0.013144445949165
0.076269607986226,0.103629108298279,0.008488037144511,-0.002154072141572,0.020512324550055,-0.033108963906174,-0.022042732201803,0.130047905839506,-0.167707112168646,0.0147139394697,-0.020345231574855,0.056998718973332,0.091252962304895,-0.037150856470294,0.060441263808595,0.016225920245029,0.096441310803832,0.080799390323287,0.095805984527385,-0.031586073450375
-0.035967058446278,-0.01404684018314,0.125692760840176,0.006317992466906,-0.054664739124253,0.00309244333781099,0.015878172680761,0.019358756364474,-0.068288426140144,-0.029974636427062,-0.038728236710508,0.031420789264619,-0.03049324627742,0.033083934161669,-0.107622413131001,0.038187494352712,-0.011066149164077,0.019161497722878,0.093973244343828,0.015040642251816
-0.107160415093768,-0.040745549387306,0.048601109604605,-0.042878960893809,-0.011144089709968,0.025212111510009,-0.082486825998453,-0.098450589619809,-0.018194805114395,-0.056077028830473,0.003180250387956,-0.024509090532585,0.008696893137119,-0.081576294023177,0.102645364416108,0.066310234787643,-0.018446276382484,0.032138243560578,-0.135812541054904,0.099650348736714
-0.103856857110368,-0.037050712658962,-0.019309672378801,0.021854463350401,0.087029568179192,0.063113954006147,0.053202666353253,0.017193514845593,0.106769385580469,-0.107283109917439,-0.12819612406349,0.002099947117881,0.084550539331383,0.057496086111247,0.032430429747102,-0.014734711282321,-0.008008062368916,0.020526274916578,0.012393816130874,-0.053915344507208
-0.107920841766108,-0.050185191983587,-0.00444212896663,-0.038356352236077,-0.026137440343072,0.140684295826622,-0.002813302967179,0.063156410898329,0.042008657530564,-0.066986468365393,-0.040372225534614,-0.003784082906132,-0.025326278787813,-0.136552805860631,-0.027312183639033,-0.003579486451125,0.026814990282507,0.117104060776643,0.12394189281987,0.09895857115716
-0.059054297722718,0.099599182104131,0.04126992357369,-0.122411053853285,-0.016030916789335,-0.015627063361417,-0.023349572781442,0.078242610973677,-0.05541183641939,-0.035743166740281,-0.01385499243008,-0.042800718475267,0.001855776978443,-0.061540491967016,0.075986161927836,-0.099626811440829,-0.081147096463954,0.027038351512275,-0.035099450579396,-0.01528363554965
-0.075798631582458,0.151214329744675,-0.045723850906316,-0.057503359588911,0.163651636706755,-0.009333301287429,-0.053410133187274,0.070905782496555,-0.087927620505942,0.060599547122549,0.085369029634546,0.029134897724601,0.063795333473107,0.033973874733542,0.143260710371448,0.093188585711423,0.0018090372284,0.033346003140391,0.06838544513231,0.036900307357292
0.041675208768324,-0.116179145805305,-0.100779437878201,-0.03163414652207,0.066610203724126,-0.00310675746630301,-0.14152446841829,0.024848554594776,0.292759644941086,-0.012857288482206,0.032975901570513,0.002503895621499,-0.019007488002637,-0.032938313687549,-0.010419883793154,-0.135680861769963,0.147504458296243,0.038205108940377,0.004720389242881,-0.007779047923603
0.052931894693168,-0.063168202290876,-0.028396142531672,0.086264629476472,0.041212169230178,-0.038555814580058,0.075842735021474,0.00785096232504,-0.010204136560039,-0.011070386209092,-0.103898354166569,0.036963083412076,0.098463924458189,-0.023530587691917,0.080066872543931,-0.094142826492389,0.072118350885272,0.055899347821324,0.012762958975871,-0.071559676934305
-0.126242321802532,-0.201691250273392,0.002572337517291,0.104809342094555,-0.038250030768518,0.014454552557265,0.029711795140637,0.121600865676991,-0.016180419050925,-0.032568366099829,0.082669111190204,0.197460828632775,0.002079349971819,-0.069381403150715,0.02903251704742,-0.026218833974609,-0.027599786136528,0.016839614049524,0.107492318407568,-0.04394945455215
-0.005737191272056,-0.00343684352588,0.139713440255485,0.003127165084397,0.078822390108582,0.027054970309027,-0.032948092257277,-0.011186794528503,-0.017842868401794,-0.038512569237455,0.106433061607419,0.109172419918011,0.146639354296982,0.128046490866708,-0.083227027221079,-0.032738238026392,-0.005889075193734,-0.161974715894488,-0.056854978284833,-0.046011558730155
-0.130807801179926,-0.015709357295108,0.085998777337489,-0.084985739634661,0.102995570542429,-0.012776609517234,-0.003320349869244,-0.070312774519433,-0.050907886769954,-0.080842259189729,-0.018233732265533,-0.041121954506818,-0.013930205499998,0.074181563914957,-0.015544447308176,0.04726295373368,-0.029735163058567,0.112783269393654,0.061992493594519,0.072564308608633
-0.048208163204854,0.07442288580052,-0.004115852395387,-0.108316093217409,0.085224533947451,-0.087523192497532,-0.003127250055778,-0.00870028084638101,0.083029588861541,0.040390947800591,0.00572902008684001,0.079292999800926,-0.048534974894235,0.13776542845065,0.081444646130113,0.033980898001293,0.024312080314321,0.011053120131146,-0.000906703698380003,0.030390688155166
0.039047921883766,-0.001351162851525,-0.042250403048118,0.033469355993823,0.056594018813215,-0.031053132241187,0.088701188841136,0.045549791855409,-0.07593269298615,-0.047902491795029,0.018481480462976,-0.090123259750109,0.054469309422891,0.072575786232362,0.244854430218146,-0.060534970913477,-0.170702500096556,-0.090903238267153,-0.017537804218948,-0.060645670062538
0.028484719456414,0.050380763444125,-0.00176647040730999,0.077620369718221,-0.013132676389183,-0.007624545453333,-0.00369887346526,0.061035603185963,-0.109915509626985,-0.093050174865659,-0.027765257445029,-0.008187380942237,0.084072221522742,0.019104929810847,-0.027165814596681,0.192668102304084,0.047374940556022,-0.014158759620547,-0.023045190278905,0.082078310327349
0.027362567797414,-0.029651026208543,0.097806263433046,0.032013726907937,0.118674684151411,0.032953941441301,-0.075878301878286,-0.136721622403545,0.02667580230101,0.057724696303989,-0.037417339532004,0.031379337011263,0.084795121771605,0.04425573368818,-0.142968735571128,0.046232054310933,0.18851021513645,0.046910330596545,-0.110906721639856,0.034787191225798
0.03794516263698,0.083300925023234,-0.012510865869703,0.066614065852351,0.052465773770168,0.129921692894993,0.043425294174195,0.012971118454455,0.025010795163664,0.047589738054787,-0.048384409731803,-0.176705555941263,0.130573654919366,-0.00252772701497,-0.104991797712621,-0.013072468926916,-0.016067374535458,0.02357870636037,-0.033822577661279,-0.069882797114013
-0.131861425173522,0.173851105155207,0.004740262475724,0.029181970169997,0.111108612143571,0.132517596634843,0.075827578249242,0.030287175871583,0.037859115548448,0.081829194632665,0.158014704791524,0.018789637012901,-0.006744916562491,-0.099979388006544,0.004526468852962,0.009377782336117,-0.055904709594232,0.018842910689755,-0.025270591599352,-0.027284264291226
0.01562566207559,-0.061185730701427,-0.073856897587719,0.140940020301616,-0.059739520904247,0.087812325732526,-0.048268679152609,0.00868537023128201,-0.070034515616952,0.013165250180576,0.065102322215981,-0.033468215416432,0.007450068740335,-0.016558427923556,-0.091894544230397,0.053355616113205,0.03702005976164,-0.064983138411235,0.017076168882509,0.070578960126325
